position,target_token,kld_teacher_candidate,target_nll_teacher,target_nll_candidate,target_nll_delta,teacher_top1,candidate_top1,top1_equal,teacher_margin,teacher_top1_in_candidate_top5,teacher_top1_in_candidate_top10,top5_overlap,top10_overlap,centered_logit_rmse,centered_logit_cosine
0,8526,0.1341105022473696,1.0029212628235982,0.6627818636074352,-0.340139399216163,8526,8526,True,1.2349357604980469,True,True,0.8,0.9,0.5503688971575642,0.9781479405866232
1,421,0.035444135597965575,0.5370747734523924,0.4555972483038673,-0.08147752514852513,421,421,True,0.8541450500488281,True,True,0.8,0.8,0.6111169238117777,0.9706839575537609
2,781,0.15903729509891792,1.2938103277525101,1.5140632781428636,0.22025295039035342,781,279,False,0.09571647644042969,True,True,0.8,0.9,0.6117335543401606,0.9724052270176841
3,2496,0.04109103311912249,3.1453070905269946,3.2662036448917036,0.12089655436470892,998,998,True,0.5140323638916016,True,True,0.8,0.8,0.49532214476368014,0.9815952477515474
4,3404,0.10012347884454655,3.865661906533269,3.8753410387454537,0.009679132212184527,5312,5312,True,2.318592071533203,True,True,0.8,0.9,0.5613766722998318,0.9780262738597985
5,22428,0.14991801240243752,3.0595647316547208,3.3656111275691565,0.3060463959144357,30004,30004,True,0.31022071838378906,True,True,0.8,0.8,0.5586139499092739,0.978940164795227
6,836,0.13788767744732736,2.8293900483007377,3.1034526762578523,0.27406262795711456,449,279,False,0.35259246826171875,True,True,0.8,0.8,0.615529001075241,0.9744225642712825
7,13730,0.19707060370256,3.5948312760135117,2.680132868532368,-0.9146984074811435,491,3594,False,0.5122280120849609,True,True,0.8,0.7,0.7259621135955663,0.9637861114399678
8,303,0.07596546596132768,3.6352335871573977,3.334857845326333,-0.30037574183106486,641,641,True,0.9107952117919922,True,True,0.6,0.9,0.6866708463275714,0.9691285785170264
9,12247,0.07036649160816325,3.3871894143546477,4.307059932899353,0.9198705185447054,279,279,True,1.4588394165039062,True,True,0.8,0.8,0.5759472875471052,0.9771577489654871
10,641,0.052644554464131,0.5989714995609248,0.6920937668312277,0.09312226727030293,641,641,True,1.3233051300048828,True,True,0.8,0.8,0.6611372476799476,0.9682070493502192
11,5788,0.0900181248097776,6.138637772030503,6.262004663229558,0.12336689119905486,695,695,True,0.45944786071777344,True,True,0.8,0.8,0.6085113288170934,0.969366976475552
12,42532,0.10538766800481497,5.928410159974778,7.162996572223246,1.2345864122484684,279,279,True,0.3261833190917969,True,True,0.8,0.9,0.5761468340689547,0.9760504355631952
13,836,0.17802628719164576,2.7447091484401938,2.4627376541926687,-0.2819714942475251,279,279,True,0.8755950927734375,True,True,1.0,0.7,0.613064115141589,0.9751366036798352
14,3594,0.1420448352424235,4.093684064365625,3.7639590176333932,-0.32972504673223213,13329,13329,True,0.32530879974365234,True,True,0.8,0.8,0.6023233687110345,0.9756621898230329
15,1809,0.229187530780064,1.4462843257434734,1.9739891289830496,0.5277048032395761,1809,1809,True,1.0530405044555664,True,True,0.8,0.7,0.6996741821648176,0.968966780722332
16,279,0.5727596166544524,5.567263786758325,6.176646245337061,0.609382458578736,1116,13329,False,1.5705394744873047,True,True,0.4,0.5,0.7304798186045417,0.9643230630143664
17,12553,0.13809584622179644,8.966374678967533,9.308892983918497,0.34251830495096414,353,353,True,0.696253776550293,True,True,1.0,1.0,0.6465781190672792,0.9697073258906826
18,17199,0.04152749397251362,1.0764635264170934,1.20155341747029,0.12508989105319657,8026,8026,True,0.4367351531982422,True,True,1.0,0.8,0.6914959671705289,0.9654592231418464
19,998,0.15809198598785656,0.9921816814747224,1.0357546334477838,0.043572951973061436,998,998,True,1.5967893600463867,True,True,1.0,0.8,0.6758468895633586,0.9658241532499945
20,6807,0.1887592847767511,6.602318455329019,6.261421568612253,-0.34089688671676655,1048,1048,True,0.5131320953369141,True,True,0.8,0.6,0.6141202449772746,0.9740188832014198
21,1429,0.15574921838106456,2.0014888990920845,1.9027145827430836,-0.09877431634900091,1429,1429,True,0.24767494201660156,True,True,0.8,0.7,0.6295517941377179,0.972639220274681
22,310,0.019132211363563852,1.4194869266802925,1.4413516828787927,0.021864756198500146,430,430,True,0.5280265808105469,True,True,1.0,1.0,0.5615312861470712,0.9749100855266738
23,49813,0.17797676631575954,2.696213967073067,2.922773814794507,0.22655984772143967,49813,1761,False,0.26157379150390625,True,True,0.8,0.8,0.6196179569504857,0.9740653170113652
24,16392,0.155875627490267,2.779528570406029,3.2522124204640903,0.47268385005806124,16229,16229,True,1.134225845336914,True,True,1.0,0.7,0.6076345877381034,0.9748139209922132
25,321,0.04939088253741918,0.9983142918863699,0.9817441416191031,-0.016570150267266825,321,321,True,1.1224861145019531,True,True,1.0,1.0,0.6055845841128381,0.9716321534024834
26,3558,0.029265175877773553,5.620954688105559,5.271749140459505,-0.34920554764605427,16229,16229,True,2.9640579223632812,True,True,1.0,1.0,0.5582275440997199,0.9796980043246317
27,310,0.06954777520394599,1.4555628071138287,1.366349084294562,-0.08921372281926665,1881,310,False,0.11363601684570312,True,True,1.0,0.9,0.5823141079478535,0.9741966249684719
28,10452,0.10089046116943125,4.767736302395733,5.814865285403851,1.0471289830081183,279,279,True,2.054840087890625,True,True,0.6,0.8,0.5955682908642845,0.9762173228453677
29,22372,0.3254388403546781,2.8540843675649867,1.8132619374410552,-1.0408224301239315,19708,22372,False,0.6421422958374023,True,True,0.6,0.7,0.667976064181893,0.9713605652421472
30,641,0.040693158204108855,2.225880530696191,2.1984814152169,-0.02739911547929097,303,303,True,1.5052223205566406,True,True,1.0,0.9,0.5800876330534448,0.9749714006934255
31,2302,0.13665032620423906,2.441452521379105,2.86929986638161,0.42784734500250465,695,695,True,1.0123329162597656,True,True,0.8,0.9,0.6416921219814563,0.9636867372270201
32,29320,0.022227947084911884,7.736543954583556,7.67277971005058,-0.06376424453297602,998,998,True,1.9842605590820312,True,True,0.8,1.0,0.5292887143475286,0.9795034450061068
33,303,0.0043527559757528585,0.03022767512570468,0.03220990855064443,0.00198223342493975,303,303,True,5.328454971313477,True,True,0.8,0.8,0.5459359010700183,0.975806998683563
34,279,0.044460645894930394,0.4949318241131664,0.37657360959713415,-0.11835821451603223,279,279,True,1.5629901885986328,True,True,0.8,0.8,0.5540154634890821,0.979754590808966
35,15641,0.09187539654165457,1.3464536469799455,1.3842166964348799,0.03776304945493436,15641,15641,True,0.8000316619873047,True,True,0.8,0.6,0.523063076821576,0.9809588257012768
36,314,0.007223940945667997,0.03251586676517704,0.022114285039521064,-0.010401581725655973,314,314,True,3.7038612365722656,True,True,1.0,0.8,0.6422468959577955,0.9665108767758454
37,27680,0.28544216220442664,5.074410970101809,5.6836381626615555,0.6092271925597466,7379,13305,False,0.3963146209716797,True,True,0.8,0.8,0.7257052076700311,0.9602594541733297
38,3178,0.5797823102708376,5.701125133656152,6.7873986550810095,1.0862735214248573,554,13570,False,0.16490650177001953,False,False,0.6,0.6,0.9849250398967778,0.9297750087695693
39,64,0.5522299412969891,1.6724854000347165,1.6325241960050931,-0.03996120402962333,327,64,False,0.2494668960571289,True,True,0.4,0.7,1.0541556294870413,0.9123956343431846
40,14111,0.3312655032998228,7.343149975681566,9.038071253956737,1.6949212782751708,303,303,True,1.032088279724121,True,True,0.8,0.7,0.9402627984127145,0.9329823037897143
41,303,0.08936311113446632,0.9513828733474661,0.8666030527599524,-0.08477982058751365,303,303,True,0.7346439361572266,True,True,1.0,0.8,0.6417683812235694,0.9650311863293637
42,3200,0.152122894168459,2.835661996716432,4.4136452387915455,1.5779832420751134,220,220,True,2.1647186279296875,True,True,0.8,0.8,0.5910049236521768,0.972183509213322
43,220,0.022221675591409872,1.2962242225097853,1.155219932871269,-0.1410042896385164,554,554,True,0.9084911346435547,True,True,0.6,0.7,0.5467594606192216,0.9715308366074934
44,16,0.027830530219354183,0.07539675082980679,0.030735655666934036,-0.044661095162872755,16,16,True,2.6397037506103516,True,True,1.0,0.9,0.5983815035796081,0.9572971336510749
45,24,0.002017698223716973,0.008766319646657195,0.004807802560033991,-0.003958517086623203,24,24,True,5.759992599487305,True,True,1.0,0.8,0.592310795205709,0.9635527221817164
46,19,0.005153103461031693,0.09374452761018759,0.11624660873628301,0.02250208112609542,19,19,True,2.6631546020507812,True,True,1.0,0.9,0.723307853351323,0.9368616726332568
47,19,0.07510240154606246,2.0729785450866203,1.6512351227618574,-0.4217434223247629,17,17,True,1.2679710388183594,True,True,1.0,1.0,0.5262120346626631,0.9603167998459582
48,1116,0.10776475155625798,1.5524335905805806,2.06390166678856,0.5114680762079793,321,641,False,0.13218307495117188,True,True,0.8,0.8,0.5839253955396476,0.9697926335628679
49,1332,0.05563180042752186,2.161932802233853,2.262096288997558,0.10016348676370512,694,321,False,0.05426025390625,True,True,1.0,0.7,0.5537672098636806,0.9777805454086913
50,781,0.04347102180164758,0.8448933615202527,0.7422459509760806,-0.10264741054417215,781,781,True,0.45368003845214844,True,True,0.8,0.8,0.6161667240697234,0.9722418235238525
51,65274,0.06177038730901187,9.630919742141813,9.508179129044294,-0.12274061309751971,998,998,True,2.522787094116211,True,True,0.8,0.9,0.5481091371901535,0.9793487274878562
52,236985,0.0549707653803177,0.028266377164705148,0.12316241800376915,0.094896040839064,236985,236985,True,3.913492202758789,True,True,0.8,0.8,0.7850219158274739,0.9568200989222678
53,279,0.1836727039221045,1.0704558272012292,0.7534653804148661,-0.3169904467863631,279,279,True,1.210714340209961,True,True,0.8,0.9,0.65954250741308,0.9705041250983258
54,3567,0.22894515949669292,3.2405530455129536,2.502644756874247,-0.7379082886387067,10452,10452,True,1.3291511535644531,True,True,0.4,0.8,0.6382856379634911,0.9713193963772369
55,18041,0.20181995499807515,4.0407595814271975,3.7581845652634254,-0.2825750161637721,24303,3594,False,0.19947433471679688,True,True,0.8,0.8,0.6458545216548994,0.9726022415874475
56,24303,0.6855675666231437,4.068464739697323,2.1944129528244822,-1.8740517868728404,37229,24303,False,0.19847965240478516,False,False,0.6,0.6,0.7905789077215749,0.9559965111601825
57,12250,0.12764855950283316,11.981854620987953,11.261041424026033,-0.7208131969619203,641,641,True,0.194915771484375,True,True,1.0,0.7,0.622696002549078,0.9710663485232542
58,279,0.054394959990130796,0.23791641475706626,0.1711902490139643,-0.06672616574310197,279,279,True,4.068382263183594,True,True,0.8,0.7,0.6092861258060258,0.9727669778809744
59,28163,0.24385756533578754,2.5020411957333213,2.0324182337977916,-0.46962296193552966,10452,28163,False,0.37862110137939453,False,True,0.6,0.9,0.657685210614901,0.9689701365861891
60,314,0.02656101920379077,0.08398057084396271,0.13633616148866423,0.05235559064470152,314,314,True,3.8881282806396484,True,True,1.0,0.7,0.6713794519216978,0.9680632425930339
61,51633,0.2727459603516065,3.7737719247680808,4.836072569709774,1.0623006449416934,279,279,True,1.7989673614501953,True,True,1.0,0.7,0.7378222618872362,0.9599256911598939
62,647,0.547531655719316,0.4980915271665527,0.08208159054429132,-0.4160099366222614,647,647,True,1.1359930038452148,True,True,0.8,0.7,1.1832361939319485,0.8977019261794594
63,3023,0.39619197363549113,15.718924233776274,14.678280351590073,-1.0406438821862007,25988,303,False,0.6556768417358398,True,True,0.8,0.6,1.252228488376634,0.8930519300083205
64,494,0.012533723555031837,0.04076769396295887,0.044526325796311994,0.003758631833353121,494,494,True,4.91267204284668,True,True,0.6,0.8,0.6757698264491193,0.9581680538861984
65,279,0.32456264640191085,0.7107782599306951,0.3264868077295269,-0.3842914522011682,279,279,True,2.3089523315429688,True,True,0.6,0.8,0.7727455306024146,0.9560736800800285
66,19710,0.2355445506519073,5.74549764279625,5.718670708160857,-0.026826934635392874,24493,24493,True,0.7709484100341797,True,True,0.6,0.9,0.7366293213604012,0.9611635022304188
67,33657,0.247466955228521,1.2798927436006444,1.9250250805332136,0.6451323369325692,33657,314,False,0.767913818359375,True,True,0.6,0.8,0.7561355396087742,0.9646864883713852
68,641,0.11675994272453077,0.9539986877542752,1.077955630967736,0.12395694321346085,641,641,True,1.3539104461669922,True,True,0.8,0.9,0.6217501955369019,0.9672977250127548
69,83551,0.15487248826052452,6.903028578245827,7.7580733634257015,0.8550447851798744,695,695,True,0.09842681884765625,True,True,1.0,0.9,0.6935769407934489,0.9591959487211434
70,2107,0.048957790693050035,4.439820150252242,4.119127946857567,-0.32069220339467464,781,781,True,0.862640380859375,True,True,1.0,1.0,0.6402190181923382,0.9673613411209548
71,17199,0.11055517331508823,0.15305313797728104,0.3968117454868967,0.24375860750961564,17199,17199,True,3.239011764526367,True,True,1.0,0.9,0.716622594683751,0.963976098814274
72,998,0.0690293447629622,0.41996751469081417,0.3156751469522696,-0.10429236773854456,998,998,True,2.8474788665771484,True,True,1.0,0.8,0.5928796833343078,0.9753308929222345
73,21711,0.17793230961325995,4.703025629296199,4.428258227318324,-0.27476740197787564,64897,14012,False,0.08945941925048828,True,True,0.8,0.7,0.5923656805885446,0.9774065713738838
74,310,0.022942267062827162,0.10347584140625798,0.0640405720758892,-0.03943526933036878,310,310,True,3.229429244995117,True,True,1.0,0.8,0.5685832711438635,0.9747481328938388
75,34388,0.054325052855007515,8.66128662316494,8.91093425579831,0.2496476326333692,279,279,True,3.153008460998535,True,True,0.8,0.8,0.5646049635185948,0.97781528417124
76,13229,0.16573192123653588,0.4439836963891075,0.28851468916759515,-0.15546900722151236,13229,13229,True,1.498809814453125,True,True,1.0,0.9,0.6752386987166236,0.9688639601929543
77,2502,0.1506602405161022,7.318128494840025,6.7763663330149555,-0.5417621618250692,321,364,False,0.15576553344726562,True,True,0.6,1.0,0.6710861560826384,0.967728403643931
78,303,0.1766983997892871,3.1964636980155205,3.050612116094996,-0.1458515819205246,279,279,True,0.3026561737060547,True,True,1.0,0.9,0.6127837830302806,0.9718480730469217
79,3988,0.10191699198907589,4.688357885962478,5.0045078828299765,0.3161499968674981,220,220,True,0.5875663757324219,True,True,1.0,0.9,0.5738835979000622,0.9753153381328107
80,220,0.030778373615467675,0.2008318991776079,0.21134412268819958,0.010512223510591667,220,220,True,1.97979736328125,True,True,0.8,0.8,0.6071684527952161,0.9705677555526323
81,16,0.0011493296199066403,0.008156198744700305,0.0059204280332849635,-0.0022357707114153413,16,16,True,5.187870025634766,True,True,1.0,0.7,0.6264484454428428,0.9519435027555935
82,24,7.863460582341793e-05,0.00042371422428999495,0.0003508096776556613,-7.290454663433366e-05,24,24,True,8.877851486206055,True,True,1.0,1.0,0.6539200360393336,0.9582657279475655
83,19,0.05304963262572065,0.4026656487493483,0.2254036928076033,-0.177261955941745,19,19,True,0.8095436096191406,True,True,0.8,1.0,0.7149589870158394,0.9329597412935803
84,20,0.016173794413635152,0.6227074582923038,0.5393430939387933,-0.08336436435351047,20,20,True,0.7345008850097656,True,True,1.0,1.0,0.4616463224880265,0.9650318644180108
85,781,0.12076583830339162,1.1729563048196603,0.7810020019880426,-0.3919543028316177,1116,781,False,0.5039463043212891,True,True,0.8,0.9,0.6007947567566535,0.9722280039149871
86,29320,0.0869315297738382,3.371152340534884,3.745264508873529,0.3741121683386446,998,998,True,2.9321155548095703,True,True,0.8,0.8,0.6044352541814059,0.9747418219229768
87,303,0.0009030941092260217,0.007238036483460775,0.00784188764373539,0.0006038511602746155,303,303,True,6.215108871459961,True,True,1.0,1.0,0.5715193208273059,0.9726158267024595
88,16239,0.02810679901922093,4.270604347359306,4.544608258209038,0.2740039108497321,279,279,True,2.385617256164551,True,True,1.0,0.7,0.6153243864610283,0.9744340325372449
89,174889,0.20317035523854204,10.514230884443663,10.607357980563666,0.09312709612000347,359,359,True,0.020334243774414062,True,True,0.6,0.7,0.7123100798757784,0.9633360673736592
90,1116,0.21884645947050335,2.20289415652557,2.6389663743228997,0.43607221779732974,1116,29761,False,0.34905433654785156,True,True,0.8,0.8,0.616969894351769,0.9716709717104018
91,1332,0.12042666254528334,1.2098885670505268,1.8581533537209545,0.6482647866704276,1332,264,False,0.3953132629394531,True,True,1.0,0.9,0.609232202241416,0.972705690991731
92,781,0.019043209422183283,0.30102079472640497,0.37675637699165776,0.07573558226525279,781,781,True,1.5935897827148438,True,True,1.0,0.8,0.6082623956461741,0.972460027346789
93,38058,0.07850042346321214,5.511771983757683,5.316412685417227,-0.19535929834045618,998,998,True,1.8205480575561523,True,True,0.8,0.6,0.5539377482522468,0.9785201971214028
94,55172,0.1137313580897647,9.469427378400958,10.408263987357714,0.9388366089567555,16229,16229,True,0.1297464370727539,True,True,0.8,0.8,0.548884854093215,0.9791484607249462
95,321,0.2076742829080435,0.7467202539182942,1.3512180678025594,0.6044978138842652,321,364,False,1.2215347290039062,True,True,1.0,0.9,0.6599342819696378,0.9707665225213777
96,975,0.12292954086767317,1.8263251710241342,1.4384433669852967,-0.38788180403883743,975,975,True,0.321044921875,True,True,0.8,0.8,0.5236876225055741,0.9817729242698395
97,18021,0.036576734022737006,6.618482446534031,6.497673814913252,-0.12080863162077904,16229,16229,True,2.5478382110595703,True,True,1.0,0.9,0.561890750294175,0.9794356890180358
98,7009,0.12322035261246933,0.732180595753249,1.1821214697844162,0.4499408740311672,7009,16229,False,0.6785449981689453,True,True,0.8,0.9,0.65894165124307,0.9722369715752832
99,310,0.045064057423555584,0.5381832557769464,0.6374156859214857,0.09923243014453931,310,310,True,1.5339546203613281,True,True,0.8,0.9,0.5487648735139641,0.9763778433785919
100,6124,0.1473988947250996,3.1733192099705576,2.3656117457563326,-0.807707464214225,279,279,True,2.42128849029541,True,True,1.0,0.8,0.635522835403612,0.9715028767316023
101,641,0.24863608657156402,1.0107534032697103,0.7389759863758165,-0.2717774168938938,641,641,True,1.0450630187988281,True,True,0.8,0.9,0.6189868886050749,0.9706181675343873
102,561,0.11757809567202501,2.693737976551205,2.9335465427399328,0.23980856618872792,695,695,True,0.23380661010742188,True,True,0.8,0.9,0.6568796061353229,0.963600232626591
103,28334,0.15178196275249656,6.1842798097544005,6.202761493306262,0.01848168355186175,353,353,True,0.9845542907714844,True,True,1.0,0.8,0.7073368099662132,0.9643041766305476
104,998,0.06877647075330215,0.43210779618837236,0.4602740834207779,0.02816628723240555,998,998,True,3.1352033615112305,True,True,0.8,0.8,0.6375321903801201,0.9711697153220544
105,1179,0.15989264584487695,3.2070772020827185,3.4665979556017668,0.25952075351904824,1048,1048,True,0.2340564727783203,True,True,0.8,0.7,0.5774278847807535,0.9778118123937658
106,10723,0.15387416730906633,7.529654839934583,8.021355451846755,0.4917006119121723,21711,21711,True,0.6099853515625,True,True,1.0,0.7,0.6435436154367873,0.9729602607363699
107,310,0.02027214730526503,0.3767187604973259,0.47462481275284674,0.09790605225552085,310,310,True,1.2026710510253906,True,True,1.0,0.8,0.5685923106499258,0.9730631496318521
108,19874,0.10878887738076301,8.3718215957254,6.921722914267665,-1.4500986814577352,264,264,True,0.9924354553222656,True,True,0.8,0.9,0.6499319583930673,0.971403897498185
109,2980,0.18606131403708187,6.958945877146068,6.7733173351425755,-0.18562854200349221,2552,2552,True,1.9144411087036133,True,True,0.6,0.8,0.6556414864707741,0.973666619677191
110,781,0.1467913288478355,2.0160479046698825,1.1513879894809378,-0.8646599151889447,279,279,True,1.2769622802734375,True,True,0.8,0.8,0.6939635119187171,0.967504409961104
111,998,0.17467675041799954,0.37325666218239206,0.4995567592563148,0.12630009707392276,998,998,True,2.177724838256836,True,True,0.6,0.7,0.6033995993637633,0.9746622531380239
112,64897,0.18806099362683878,4.9420322747333465,5.208063660593911,0.26603138586056474,5326,5326,True,1.0909051895141602,True,True,0.4,0.8,0.6259535921464122,0.9748680723255352
113,2261,0.10642621415082094,3.2228326551433675,3.016243880145449,-0.20658877499791828,303,303,True,0.6254901885986328,True,True,1.0,0.9,0.6117180947808221,0.9724669037266592
114,3567,0.01718331274827229,9.07994436712509,9.165479014052792,0.08553464692770163,279,279,True,2.354642868041992,True,True,0.8,0.9,0.6107837719839155,0.9741522536159107
115,76553,0.22723041332041394,6.284631705388106,7.171683600158902,0.8870518947707957,3594,3594,True,0.32614803314208984,True,True,0.8,0.8,0.7063829478462303,0.967407246722787
116,303,0.1473264913086195,0.7043302554802473,0.48744357190108545,-0.21688668357916185,303,303,True,0.6133556365966797,True,True,0.8,0.9,0.6335168311108157,0.9692191535654494
117,5589,0.302463691734966,4.8004810290309265,5.284151808684111,0.4836707796531847,220,220,True,0.07297706604003906,True,True,1.0,0.7,0.6002643726733459,0.972661430804527
118,641,0.015605469959775764,5.385762655750359,5.43407447326517,0.048311817514811395,220,220,True,1.831512451171875,True,True,0.8,0.8,0.5522179666929519,0.9724961574030799
119,4486,0.24428914525574688,4.664508685149929,3.940136824821529,-0.7243718603284002,695,695,True,0.4917621612548828,True,True,0.8,0.8,0.8158117698094229,0.939398107103395
120,279,0.10077058549721465,0.6192463963968926,0.7557996627216461,0.1365532663247535,279,279,True,2.230076789855957,True,True,0.8,0.9,0.6451352986924175,0.9721398087082148
121,3980,0.11018770811112949,0.8318647885472359,0.7382590276293044,-0.09360576091793149,3980,3980,True,1.7442035675048828,True,True,0.6,0.8,0.7041885026095782,0.9663210056084626
122,781,0.12512974271356783,1.6278660382148011,1.5600778932706518,-0.06778814494414931,1116,1116,True,0.7710838317871094,True,True,1.0,0.9,0.6962588989688183,0.9639360512377159
123,998,0.08788255218833675,0.3297683392786652,0.1678270052624029,-0.16194133401626232,998,998,True,3.198671340942383,True,True,0.8,0.8,0.588853994419094,0.9747973972995937
124,80375,0.25349637023839305,3.6360314771748428,2.5046968426812377,-1.131334634493605,57571,5898,False,0.17175865173339844,True,True,0.6,0.7,0.6271650603281659,0.9739889073101176
125,303,0.17656318712198923,1.8489803997779006,1.5110810637208623,-0.33789933605703837,641,641,True,0.49258995056152344,True,True,0.8,0.9,0.6153407135515881,0.9707536258540644
126,220,0.13751189984464635,0.7231687669594784,0.7312953909722175,0.008126624012739114,220,220,True,1.2033500671386719,True,True,0.8,0.7,0.6610394353520367,0.9682711769385877
127,16,0.020171839879431455,0.024309387452237985,0.011714632584538975,-0.01259475486769901,16,16,True,4.058256149291992,True,True,0.6,0.8,0.5721730967313365,0.9583864932081727
128,24,0.0006550277154638032,0.002421434618476326,0.001288680640229245,-0.0011327539782470808,24,24,True,6.961808204650879,True,True,0.6,1.0,0.5899254451715285,0.963673806072961
129,19,0.10588541900331824,1.2595202710596176,0.7040290186573976,-0.55549125240222,20,19,False,0.5102691650390625,True,True,0.8,1.0,0.5244811490830712,0.9605883393086619
130,21,0.021478275166869284,1.3291033321370307,1.2820402271723026,-0.0470631049647281,21,22,False,0.042804718017578125,True,True,1.0,1.0,0.43480555750016675,0.9686937474880007
131,1317,0.12003423288088676,5.226040287018911,4.693838091666393,-0.532202195352518,641,641,True,1.2832813262939453,True,True,0.8,0.8,0.5562324099753907,0.9710257845157948
132,220,0.019098250008798223,0.04990695804528755,0.04345014854997231,-0.006456809495315241,220,220,True,4.227191925048828,True,True,0.8,0.9,0.6078397319282992,0.9632776200181686
133,19,0.11380133721350978,0.3156556781236972,0.12648525104778585,-0.18917042707591136,19,19,True,1.4078540802001953,True,True,0.8,1.0,0.5580395800159274,0.9608457927650377
134,22,0.021110558188246295,0.36216465779115126,0.4975643347433092,0.13539967695215793,22,22,True,1.1822319030761719,True,True,1.0,0.9,0.5256117550477757,0.9671762358632945
135,641,0.08013129899384575,0.5372558465781374,0.6291506211441842,0.09189477456604678,641,641,True,1.556344985961914,True,True,1.0,0.8,0.6070644059118895,0.9667437594855461
136,695,0.11554549284316659,1.113598527892261,1.0917645327549934,-0.021833995137267692,695,695,True,0.5386466979980469,True,True,0.8,1.0,0.6799206020117078,0.9572928927383135
137,283,0.33559033453441434,3.0769328796302986,5.390218017346182,2.3132851377158836,561,561,True,1.2223291397094727,True,True,0.8,0.6,0.7379647272831639,0.9518671458245037
138,283,0.7861129989448745,4.946207014415254,3.0953202024329336,-1.8508868119823205,353,554,False,1.7377510070800781,False,True,0.4,0.9,0.7924219931951292,0.9426962984972562
139,24016,0.31753540108279354,9.610052889693211,10.136837262452033,0.5267843727588222,283,283,True,1.4851112365722656,True,True,0.8,0.9,0.6496489936276033,0.9546662247286368
140,283,0.2208123086331935,0.7859980394313553,0.31180019002550097,-0.4741978494058543,283,283,True,1.4674129486083984,True,True,1.0,0.9,0.6914098092057076,0.9575288237894183
141,283,0.1065346146068279,2.2763613778970253,2.1693278382039978,-0.10703353969302754,695,695,True,1.0246849060058594,True,True,0.8,0.8,0.6822696737728491,0.9553582463221113
142,695,0.36994185326874957,1.9597058890280579,1.381493733119786,-0.5782121559082718,283,695,False,0.47739410400390625,True,True,0.6,0.7,0.7540718994790769,0.951500615900821
143,561,0.15825075321953272,1.1585994330627756,1.6929434928991896,0.534344059836414,561,561,True,0.737309455871582,True,True,1.0,0.7,0.7563793539227529,0.9520163762107541
144,2790,0.06602531614869035,7.26506390848855,6.985478573653555,-0.27958533483499437,353,353,True,3.0866260528564453,True,True,1.0,0.8,0.6655195124592023,0.9654920092733624
145,314,0.03853183832664894,0.19259739142528787,0.18050149204551857,-0.012095899379769293,314,314,True,3.338529586791992,True,True,0.8,0.8,0.5850179251680214,0.9765620546218498
146,279,0.06939575833239432,0.4767372006003683,0.3203185309729335,-0.15641866962743478,279,279,True,1.6906929016113281,True,True,0.8,0.8,0.6756403946968845,0.9620930743940166
147,90086,0.06760853118603906,5.29042885143911,6.791790515999981,1.5013616645608714,353,353,True,1.963409423828125,True,True,0.8,0.8,0.7329229273941175,0.9598211394942898
148,53792,0.001549715716349741,0.003884639038211901,0.006328357831371534,0.0024437187931596327,53792,53792,True,7.222408294677734,True,True,0.8,0.8,0.7018554597661139,0.9470843978527617
149,554,0.04310156225970274,5.344363853035034,5.216103979211546,-0.12825987382348814,523,523,True,1.9776458740234375,True,True,0.8,1.0,0.6807141830480417,0.9677177839658493
150,12,0.00766841093729465,0.01139948215644182,0.014090105690939936,0.0026906235344981155,12,12,True,5.866933822631836,True,True,0.4,0.6,0.783467528045223,0.9385423488944993
151,31,0.0009356561682437135,0.001504246881435023,0.00236491304975317,0.0008606661683181471,31,31,True,7.812015533447266,True,True,0.8,0.7,0.9342143399414662,0.9255916785988688
152,523,0.08162125550131179,0.12317127803806827,0.28714084937668005,0.16396957133861179,523,523,True,4.474985122680664,True,True,0.8,0.9,0.7255801397869253,0.962878931052491
153,23779,0.23150698118845173,2.110044642325459,1.214047446257549,-0.8959971960679098,557,23779,False,0.43234825134277344,True,True,0.8,0.8,0.7358371573263636,0.962201374791384
154,32119,0.012664724480185973,0.19352809312306363,0.2164459703819226,0.022917877258858965,32119,32119,True,1.7373600006103516,True,True,1.0,0.8,0.6656309301344996,0.9530080738888099
155,557,0.06289014292729936,0.585120105978465,0.49481722507196224,-0.09030288090650274,557,557,True,1.4068660736083984,True,True,1.0,0.9,0.6656125089782622,0.9656815565016991
156,25432,0.0710219414542731,6.144325935486947,6.4937667920244095,0.3494408565374627,3018,3018,True,1.4767837524414062,True,True,1.0,0.8,0.5342481028589902,0.9792736718799213
157,2107,0.08654337548677181,7.841961196927901,6.940209975747749,-0.9017512211801524,539,539,True,3.226583480834961,True,True,1.0,0.6,0.5461705624215121,0.9763451385630527
158,539,0.06210808731451288,0.1667776643313168,0.2957563236014238,0.128978659270107,539,539,True,3.6279354095458984,True,True,0.6,0.8,0.511137812087092,0.9802450677735545
159,279,0.04244013190501235,0.3422031939020087,0.2518902120316362,-0.09031298187037251,279,279,True,2.617765426635742,True,True,0.8,0.9,0.5639248967008955,0.9779489916577289
160,13789,0.12634688722956766,7.605510100227367,6.80684461814219,-0.7986654820851768,1144,1144,True,0.5074787139892578,True,True,0.8,0.9,0.572025501292521,0.9771584586290435
161,6286,0.24918200656528158,6.530735852588062,5.988363150069187,-0.5423727025188754,3980,3980,True,0.3440399169921875,True,True,0.6,0.6,0.5887213078848482,0.9768015285775901
162,43788,0.20144826024396,3.46628103395161,3.0992710654444657,-0.3670099685071442,37135,6355,False,0.06340980529785156,True,True,0.4,0.9,0.6706771124605875,0.9706073799589859
163,11378,0.43242963138699186,2.4848868956816226,2.0445022488364657,-0.4403846468451569,57900,36942,False,0.876434326171875,True,True,0.8,0.8,0.7054855233177768,0.9700423532652173
164,6741,0.03296492361229998,0.1745095872654403,0.22980847688803152,0.05529888962259122,6741,6741,True,1.9734249114990234,True,True,0.8,0.9,0.8754958572425653,0.9494007250142006
165,321,0.02481126428236506,0.4788744927859945,0.5146541233803461,0.03577963059435163,321,321,True,1.70086669921875,True,True,0.8,0.9,0.575470961113255,0.9740764064987772
166,264,0.039779350974177584,4.037509717641818,4.078378551230372,0.04086883358855431,279,279,True,0.04500389099121094,True,True,1.0,0.8,0.5631333240619086,0.9779703703633009
167,12229,0.0868931016667268,0.8383775613817086,0.8656838519674501,0.02730629058574152,12229,12229,True,1.9557151794433594,True,True,0.8,0.6,0.5670756135980547,0.9786292014021738
168,4082,0.012369718650525332,5.006500939540345,4.099160715950536,-0.9073402235898094,310,310,True,2.0727081298828125,True,True,1.0,0.9,0.5390028942978372,0.9749341749721399
169,10452,0.21376380889818813,1.1662406454958791,2.296239536818046,1.1299988913221668,279,279,True,0.0944061279296875,True,True,0.8,0.8,0.6459859261570344,0.9716315110257215
170,43788,0.2685941773373315,1.9542885148853593,2.2536830213820025,0.29939450649664323,43788,5847,False,0.08437824249267578,True,True,0.6,0.9,0.6427304126853463,0.9740360489813257
171,65174,0.07183708249751145,3.1581066350113183,3.5023788739540826,0.3442722389427644,53088,53088,True,1.2755050659179688,True,True,1.0,0.9,0.675294885316754,0.971398152521402
172,310,0.007729452273662054,0.05970437227444947,0.0811994041469255,0.021495031872476034,310,310,True,3.7684669494628906,True,True,0.6,0.8,0.5567512367016728,0.9732122704510067
173,10000,0.15976415347385028,4.812582231131621,4.907949294289569,0.09536706315794774,1791,1791,True,1.1429977416992188,True,True,0.4,0.7,0.5236713634852982,0.9814790762066149
174,264,0.06074088018138842,1.0400657867234209,1.1998789907350904,0.15981320401166954,264,279,False,0.0894927978515625,True,True,1.0,0.7,0.6360143861300368,0.9732535262090263
175,24303,0.2715385059741778,3.02966007377335,1.9748690323636566,-1.0547910414096933,7915,24303,False,0.030753135681152344,True,True,0.6,0.7,0.654872576371064,0.9719117083320071
176,314,0.12082718750184872,0.9488995686159925,0.993552705407879,0.04465313679188654,314,314,True,0.6985740661621094,True,True,0.8,0.9,0.6559284586082195,0.971246603698599
177,6511,0.17213085045204682,6.141017757003034,6.727970900052448,0.5869531430494135,3349,3349,True,0.14091777801513672,True,True,0.6,0.7,0.5973828620761006,0.9759177315500677
178,17199,0.14271853268367032,0.21239120983266346,0.5177340713799659,0.3053428615473024,17199,17199,True,3.758136749267578,True,True,0.6,0.8,0.6714416717382421,0.9705094751408297
179,7737,0.0826116456501065,9.530641200645565,9.280475165091921,-0.2501660355536437,421,421,True,0.9560089111328125,True,True,1.0,0.9,0.585985077439685,0.9756765083801529
180,3213,0.0060146446207292046,0.07633417290985633,0.06235356366321554,-0.013980609246640796,3213,3213,True,3.6987876892089844,True,True,1.0,0.7,0.5560150136197093,0.9758144748940877
181,310,0.017283855351948155,0.1279193860840877,0.07605307899951441,-0.05186630708457329,310,310,True,2.1061878204345703,True,True,0.8,0.8,0.5223842173391502,0.9781126990314326
182,17480,0.11841075053866562,4.125972481306032,3.9546131314698485,-0.17135934983618384,39390,4226,False,0.046932220458984375,True,True,0.6,0.9,0.5527413217766074,0.9806177272977314
183,279,0.16444732190809327,1.228621084241201,0.7865768648950358,-0.44204421934616533,279,279,True,0.6405811309814453,True,True,0.8,0.7,0.6613144126335525,0.9707238262318508
184,3516,0.21279207768148062,2.4520507038740718,2.0062593080551814,-0.4457913958188904,3516,3516,True,0.12716102600097656,True,True,0.8,0.9,0.6753614959887454,0.9690357620267509
185,4042,0.053197824116450534,0.21180625558868016,0.11837905799994886,-0.0934271975887313,4042,4042,True,1.6161041259765625,True,True,0.8,0.7,0.6860291854316549,0.966305888147799
186,18463,0.10168913233583196,1.0846435319694088,1.5419544570752528,0.45731092510584403,18463,18463,True,0.8596210479736328,True,True,0.6,0.8,0.6240772696238608,0.9740938415904854
187,303,0.11646055605811383,1.961798059552212,2.1414294329627985,0.17963137341058655,641,641,True,0.9057559967041016,True,True,0.6,0.8,0.6459057567431596,0.9696875413132008
188,449,0.0546277399557963,3.888711048163991,4.201200033921236,0.3124889857572448,279,279,True,0.2682971954345703,True,True,0.8,0.8,0.6033801943160786,0.9750428524514304
189,12460,0.17582808432765512,5.100621767574943,6.4759205571932625,1.37529878961832,660,660,True,0.7686920166015625,True,True,0.4,0.9,0.6137102981363686,0.9764471540638258
190,303,0.08439211383653118,3.5480654529735602,3.201341452064849,-0.34672400090871136,440,440,True,1.4697608947753906,True,True,0.6,0.8,0.5759705642579042,0.9740841354550303
191,10452,0.10589788716113098,7.703058290149212,8.565703371842389,0.8626450816931772,279,279,True,1.9900312423706055,True,True,0.8,0.9,0.6190804696221458,0.9731633162673089
192,49653,0.1717575496067868,3.0396749221687784,4.4098513956407,1.370176473471922,17435,19895,False,0.8990545272827148,True,True,0.8,0.8,0.6953707505083674,0.9690832393501483
193,19895,0.024083546968601106,0.005726276174829792,0.03681679588367004,0.031090519708840247,19895,19895,True,6.129367828369141,True,True,0.6,0.7,0.9117622660882815,0.9476539920045783
194,641,0.05405037029297383,1.2320462723116705,1.1706069804275039,-0.061439291884166636,641,641,True,0.08458328247070312,True,True,0.8,0.8,0.5862545400016562,0.9699935229668263
195,561,0.09544415354853913,1.067412987799507,1.402517431911189,0.33510444411168194,561,561,True,1.2347297668457031,True,True,0.8,0.8,0.6049584727360552,0.9709060450869127
196,353,0.11763118222733879,1.753707111181864,1.435502566426603,-0.31820454475526105,353,353,True,0.13560867309570312,True,True,0.8,0.9,0.6343341836609004,0.9698178350277707
197,41,0.10360796966154867,0.7383980111226158,1.3071442335279357,0.5687462224053199,323,323,True,0.04714393615722656,True,True,0.6,0.8,0.784884563825271,0.9409157887785888
198,45,0.001549109919819358,0.001825456382086088,0.003785394054272473,0.001959937672186385,45,45,True,8.347208023071289,True,True,0.4,0.7,0.7457765832596306,0.9510502444154433
199,359,0.1230671857669683,2.3540575769568832,2.222961697676844,-0.13109587928003918,995,995,True,0.4618682861328125,True,True,1.0,0.8,0.5829608228757792,0.9753878462789135
200,82,0.002377987262436431,0.007144223362502089,0.005775307527862594,-0.0013689158346394947,82,82,True,6.979391098022461,True,True,0.8,0.8,0.6284420760120063,0.9678757851041508
201,24303,0.16168967028287035,2.3815112702564676,1.9553587089459903,-0.4261525613104773,24303,24303,True,0.29013729095458984,True,True,0.4,0.7,0.6003984026056596,0.9751946843716879
202,314,0.10344392335960771,1.4899826897594295,1.1209080539790577,-0.3690746357803718,557,314,False,0.04706382751464844,True,True,0.8,0.9,0.6117966139132278,0.9734435888367473
203,23779,0.07477465045884688,3.4076391998289886,2.9703167462728217,-0.43732245355616683,6511,6511,True,2.673786163330078,True,True,0.8,0.8,0.6093611070317623,0.9748207226215794
204,32119,0.013610139692503857,0.03647326443992682,0.045096518294389654,0.008623253854462831,32119,32119,True,3.7867393493652344,True,True,0.6,0.8,0.7956255218479512,0.9525548140168868
205,995,0.07443976875459887,2.5427012041782575,2.244776824176565,-0.2979243800016924,557,557,True,1.8408889770507812,True,True,1.0,0.7,0.5973673748093293,0.9743235599297553
206,16134,0.08290044370120966,8.78764031135901,8.325695505182821,-0.46194480617618794,978,978,True,2.1737327575683594,True,True,0.8,0.9,0.5358509414049202,0.9797791414131916
207,7309,0.3862375515083443,6.345295509236351,7.034549356509121,0.6892538472727701,310,310,True,0.9813613891601562,True,True,0.6,0.8,0.6186868682515108,0.9742150506324301
208,6635,0.15857311008708183,1.7160046150950414,0.9064149931591103,-0.8095896219359311,7139,6635,False,1.1857986450195312,True,True,0.8,0.8,0.6372906099990637,0.9758642911444245
209,303,0.020611691507250635,0.3386447924953657,0.4030493075249453,0.06440451502957956,303,303,True,2.2399559020996094,True,True,0.8,0.9,0.6002373890706211,0.9731897185395487
210,220,0.0816604245815725,3.576620908416345,2.892455561066477,-0.6841653473498681,279,279,True,2.0798816680908203,True,True,0.8,0.9,0.5629901192995437,0.9793047893057717
211,16,0.005167971218771113,0.03751228999282219,0.037884015272847904,0.00037172528002571426,16,16,True,4.4888200759887695,True,True,0.8,0.8,0.6225403942645475,0.9597276974601447
212,24,0.0003641127395410702,0.017110294528514203,0.016424606546852516,-0.0006856879816616868,24,24,True,4.3217926025390625,True,True,0.8,0.9,0.5563221430132381,0.9711849531327238
213,15,0.14588253910602894,2.3488872511662002,1.5547238137918065,-0.7941634373743938,16,16,True,1.4446544647216797,True,True,1.0,0.9,0.6928976749028535,0.9490320837970244
214,20,0.032488814354364175,2.426744901436191,2.3043276602684024,-0.1224172411677884,15,19,False,0.1776561737060547,True,True,0.8,1.0,0.4718536826121432,0.9684302442340031
215,1116,0.14179530530573473,2.104448518023773,2.859158618530355,0.7547101005065819,4006,4006,True,0.2767372131347656,True,True,0.8,0.8,0.627327309219765,0.966450731866283
216,279,0.13511540645875356,4.201655715102486,3.816265421943829,-0.38539029315865747,321,321,True,0.1652393341064453,True,True,0.8,0.7,0.58835446065538,0.9737497457115124
217,1483,0.1340122041502225,4.201484486298568,3.7192961675176868,-0.48218831878088153,1118,353,False,0.6524076461791992,True,True,0.6,0.8,0.5933904199121344,0.9749215063314353
218,1007,0.13913921787264408,4.839376384553709,3.8918883090269674,-0.9474880755267421,314,314,True,1.3292512893676758,True,True,0.6,0.7,0.6594689988155998,0.9714504837810575
219,314,0.024904070216590007,0.2071406020138653,0.2561948189646799,0.04905421695081458,314,314,True,2.7724380493164062,True,True,1.0,0.9,0.5987854920593653,0.9736393059723377
220,279,0.04499020922173716,0.3674321746736915,0.4134559817981973,0.04602380712450582,279,279,True,1.3854122161865234,True,True,0.8,0.7,0.6814829723598433,0.9692087058133081
221,89692,0.19171368561725197,1.3131703294155344,1.6576110433478775,0.3444407139323431,89692,89692,True,0.8780355453491211,True,True,1.0,0.8,0.7298390316341888,0.962918317071661
222,554,0.024221418623196204,0.12285310546294426,0.10383842510236363,-0.019014680360580627,554,554,True,2.911928176879883,True,True,1.0,0.7,0.7576126981651917,0.9472182596537346
223,12,0.001222993456578369,0.00034423212378698054,0.001843980670354739,0.0014997485465677585,12,12,True,9.489895820617676,True,True,0.8,0.7,0.8459548253971824,0.9359588761001791
224,31,0.0008074511611214114,0.001456528482783881,0.0008902463452251652,-0.0005662821375587157,31,31,True,8.098727226257324,True,True,0.6,0.8,0.9311922491867377,0.934057463960808
225,10452,0.5159081850409497,1.0723481251547717,1.43843153381831,0.3660834086635383,10452,10452,True,0.594085693359375,True,True,0.8,0.8,0.9824264566670526,0.9365675219587648
226,4843,0.015807286630310537,0.11187072463381398,0.11014174230842144,-0.0017289823253925363,4843,4843,True,2.7917966842651367,True,True,0.8,0.7,0.6987899807417253,0.9688660281633219
227,1116,0.18446715089694565,0.817983133779677,1.6080408636902206,0.7900577299105436,1116,641,False,0.528900146484375,True,True,1.0,0.9,0.5949602188043446,0.9703798439825081
228,864,0.0797398298905465,2.899339649575829,3.041803282947626,0.14246363337179702,321,321,True,1.1921329498291016,True,True,0.8,0.8,0.6002280236036559,0.9720048021469921
229,11358,0.13414901503586876,6.806170574127044,7.258306564956548,0.45213599082950395,995,995,True,0.22178268432617188,True,True,0.6,0.7,0.5688874946051603,0.9767428026664646
230,49477,0.003943136272027187,0.008618601922311342,0.017381126790219525,0.008762524867908184,49477,49477,True,5.012777328491211,True,True,0.8,0.7,0.7707285785525482,0.9564641382461053
231,303,0.013831154147855237,0.20608291306210802,0.19869155269336858,-0.007391360368739441,303,303,True,1.7918624877929688,True,True,0.8,0.8,0.619266042078003,0.9700951749616443
232,279,0.04614743517500771,0.44194502145219516,0.34718271915272325,-0.09476230229947191,279,279,True,1.3414382934570312,True,True,0.8,0.8,0.6101142252074965,0.9743683851551893
233,18676,0.1396944350656559,4.747985575381183,4.395191629082465,-0.35279394629871774,17480,17480,True,0.1590595245361328,True,True,0.8,0.6,0.6286726401607251,0.9732697000240368
234,314,0.0008009893889581776,0.006363614967561659,0.007001495802402502,0.0006378808348408427,314,314,True,6.223239898681641,True,True,1.0,1.0,0.5777108583435295,0.9705261626289629
235,279,0.108658084169373,0.5975494128162886,0.39988518949180474,-0.19766422332448386,279,279,True,2.0110387802124023,True,True,1.0,0.8,0.6315298618179284,0.9715429061893507
236,8260,0.24522767559870828,3.0096459128211315,3.27074583527933,0.26109992245819846,2201,2201,True,0.035157203674316406,True,True,0.4,0.8,0.7116984328094119,0.9636466040808116
237,10130,0.14365072999818945,7.622507001551456,8.35866169782098,0.7361546962695229,24303,24303,True,0.7514886856079102,True,True,0.8,0.9,0.6538314430655687,0.9713921467107406
238,321,0.04909187701083989,6.1598974714095185,6.526681083163158,0.3667836117536396,42019,42019,True,0.30318641662597656,True,True,0.6,0.8,0.6973705930502965,0.9672616758452188
239,20226,0.03877802633160887,0.4207898338017273,0.3791017333298292,-0.04168810047189808,20226,20226,True,2.355344772338867,True,True,1.0,0.9,0.6071437070156203,0.9737150492826504
240,15979,0.1264423683886125,8.689538045909678,8.721784755244263,0.03224670933458462,42019,42019,True,0.30837345123291016,True,True,1.0,0.9,0.706531124226578,0.9661088874193375
241,33559,0.31992996484633807,9.202266607876723,8.795138794126402,-0.40712781375032137,42019,42019,True,1.9827079772949219,True,True,0.8,0.5,0.7848635148051254,0.9581196459356491
242,24795,0.018136232897840377,0.03626237609005756,0.06370374665439016,0.0274413705643326,24795,24795,True,4.775859832763672,True,True,0.8,0.6,0.7681448538693231,0.9573215479775302
243,506,0.06493653635694983,3.2334213799370133,3.5816473305734142,0.34822595063640094,641,641,True,1.087249755859375,True,True,0.8,0.9,0.5863703809318132,0.9712954500456557
244,279,0.04614615772050659,0.4021253367018147,0.39453708728881054,-0.007588249413004178,279,279,True,2.266386032104492,True,True,1.0,0.8,0.6184317109472685,0.9719225709163866
245,15641,0.1162987253927127,0.6002635780346282,0.7363124433950663,0.13604886536043814,15641,15641,True,1.8846817016601562,True,True,0.4,0.4,0.6259021842433898,0.9716630034652407
246,314,0.00145092012895292,0.008596275528812924,0.007135246280306262,-0.0014610292485066623,314,314,True,5.938967704772949,True,True,0.8,0.9,0.7173089798469154,0.9608203272180061
247,24281,0.23223611774743552,2.6796822790385164,2.535790872143737,-0.1438914068947792,13305,13305,True,0.1497955322265625,True,True,0.8,0.6,0.776098066599425,0.9540447420587126
248,72503,0.08744207157858781,0.08394527451338973,0.10274596348694942,0.018800688973559687,72503,72503,True,2.973989486694336,True,True,0.8,0.7,1.0380044789413847,0.9172945564445135
249,641,0.14857272727622162,0.4005526331717846,0.6481766676350809,0.24762403446329628,641,641,True,1.7730236053466797,True,True,0.8,0.8,1.205734886813999,0.9022652889697703
250,695,0.11050752368307697,2.3586699128521964,2.229279335276548,-0.12939057757564854,561,561,True,0.8026561737060547,True,True,1.0,0.9,0.6270306082866887,0.9685429649986327
251,733,0.3841567382058201,3.2270717163106077,3.26493824072735,0.03786652441674221,561,283,False,0.7565975189208984,True,True,0.8,0.7,0.7745409370070369,0.9471343437798426
252,279,0.04563709957685034,1.5569982262892843,1.9102476803120787,0.3532494540227944,220,220,True,0.9944686889648438,True,True,0.8,0.9,0.5784489487505304,0.9743024156797421
253,38284,0.09695313515671124,4.572582831681665,4.566713657308078,-0.005869174373586361,3988,3988,True,0.04923439025878906,True,True,1.0,0.7,0.6198655230189751,0.9719492716617834
254,1116,0.0018901655642094316,4.850104247336553,5.3022331548976425,0.4521289075610895,314,314,True,4.8372802734375,True,True,0.8,0.8,0.5886086213931457,0.9689795639777918
255,279,0.07590832766925494,0.3697772632306737,0.3500514153227776,-0.01972584790789611,279,279,True,2.6057043075561523,True,True,0.6,0.9,0.6082935811688528,0.9732441876629867
256,10452,0.169996655522762,1.1019304926489717,1.9314228613115567,0.829492368662585,353,353,True,0.1335601806640625,True,True,1.0,0.7,0.6345118079231917,0.9709712406217869
257,19825,0.16088950806650326,5.320278269225167,5.277471425074303,-0.042806844150863554,2936,43285,False,0.2215423583984375,True,True,1.0,0.8,0.611320991993679,0.9760367870256823
258,6849,0.21166329092248537,7.178853666568521,8.235067719581902,1.056214053013381,557,557,True,0.8398456573486328,True,True,0.8,0.9,0.594472244751881,0.9751520613672628
259,6316,0.15315193698968937,4.468042054570368,3.9592694173308907,-0.5087726372394776,5820,5820,True,0.34969329833984375,True,True,0.6,0.6,0.5366930472464433,0.980102031836701
260,1141,0.05573323491638944,0.6827891683614098,0.7497392360004511,0.06695006763904132,1141,1141,True,0.5626506805419922,True,True,0.8,0.8,0.6057897156641682,0.9732154288581867
261,5077,0.027657075020983985,2.8430571908951414,2.517090606065061,-0.32596658483008056,6326,6326,True,2.679220199584961,True,True,0.8,0.8,0.6125768218441695,0.9751764916235899
262,310,0.1463498515588315,0.6791940388209028,0.45180005217683217,-0.22739398664407062,310,310,True,0.5948047637939453,True,True,1.0,0.8,0.538390498536038,0.9755163320297746
263,279,0.09174657810434138,0.8459896965157725,1.0277167422102451,0.18172704569447262,279,279,True,2.0020151138305664,True,True,0.8,0.9,0.6363446208823329,0.9734756265477146
264,1330,0.1695559208248145,6.927319912051068,6.795946643064305,-0.1313732689867635,15979,4257,False,0.4328193664550781,True,True,0.8,0.7,0.638150814430515,0.9712650085055095
265,9376,0.15962816609138322,3.660330525068588,3.139439890664729,-0.5208906344038589,1822,1822,True,0.2042694091796875,True,True,0.8,0.9,0.6822136410026197,0.9676897904259198
266,33683,0.24341350570442197,7.446860353902792,7.8623885423032185,0.41552818840042605,3349,3349,True,0.5645675659179688,True,True,0.6,0.7,0.693592016105648,0.9676749629839303
267,364,0.16859438794795242,3.4381840495470826,2.851529696538506,-0.5866543530085764,303,303,True,0.042598724365234375,True,True,0.6,0.8,0.6116560773501921,0.9711638456343648
268,33145,0.16870326114815573,6.415760029745307,8.063370405243592,1.6476103754982852,279,279,True,1.5034141540527344,True,True,1.0,0.8,0.6930029357595943,0.9691157276160702
269,42054,0.3605649074421801,4.05736941792016,2.896661186297024,-1.1607082316231363,2279,2279,True,0.20137405395507812,True,True,0.8,0.9,0.744445127662375,0.9652828808374516
270,303,0.050494394999381104,0.927996621677238,0.7049354052917529,-0.22306121638548504,303,303,True,1.3895683288574219,True,True,0.8,1.0,0.5638058350024655,0.9729352749731134
271,279,0.10609891551197759,0.40328998729533794,0.3056092092172378,-0.09768077807810016,279,279,True,2.053424835205078,True,True,0.8,0.8,0.6550022370546457,0.9703341136733356
272,15979,0.0975288653725524,0.527076127419793,0.5446023767718451,0.017526249352052048,15979,15979,True,2.602682113647461,True,True,0.8,0.7,0.6504653125207716,0.9703746188066018
273,20915,0.13702609015740194,2.6812669092411774,2.034350805644486,-0.6469161035966913,641,641,True,0.8120841979980469,True,True,0.8,0.9,0.6408726118409442,0.9719206534209275
274,535,0.09500266441463434,2.7100327178675556,2.4168407773704317,-0.29319194049712394,641,641,True,0.4069938659667969,True,True,0.8,0.9,0.6077032910998658,0.9698593950173281
275,12840,0.15982725987755897,3.1162424251715066,4.371803664484787,1.2555612393132805,279,279,True,2.560934066772461,True,True,0.6,0.9,0.6841943361571006,0.966082339643923
276,321,0.05302366346524963,0.18617635742890926,0.11571270222817276,-0.0704636552007365,321,321,True,2.568784713745117,True,True,1.0,0.9,0.6363810151233605,0.9679795839730325
277,279,0.15351376821908227,0.7058662265379354,0.3539104232876831,-0.35195580325025233,279,279,True,0.9832611083984375,True,True,1.0,0.8,0.7722794891042573,0.9597429680011017
278,3516,0.015598835441973585,0.1373496339668563,0.11401130424080819,-0.0233383297260481,3516,3516,True,3.0309314727783203,True,True,1.0,0.8,0.7076432153372345,0.9649115783324853
279,4042,0.028807580504620667,0.0862957789084291,0.0391714201770057,-0.0471243587314234,4042,4042,True,2.4996891021728516,True,True,1.0,0.8,0.6883100906913823,0.9647345013355841
280,641,0.02176036677051899,0.22346948538045552,0.18657121243657215,-0.03689827294388337,641,641,True,2.408050537109375,True,True,1.0,0.9,0.5669197880527856,0.9722412058356337
281,12795,0.10194753939950467,14.553370656957924,13.474710030608733,-1.0786606263491905,561,561,True,1.5336017608642578,True,True,0.6,0.8,0.6104157478366204,0.9710493835659756
282,53792,0.2563641155448742,6.251512673248303,6.169737378185232,-0.08177529506307124,1949,258,False,0.645228385925293,True,True,0.8,0.8,0.6470775183897981,0.9667882042047828
283,345,0.24228036874340372,4.543058977557548,3.6069762300637755,-0.9360827474937725,554,710,False,0.8377523422241211,True,True,0.6,0.6,0.5842445541834485,0.9738955527379587
284,1367,0.18067918633613214,2.78004378977948,2.9764381322071607,0.1963943424276806,53792,53792,True,1.9225082397460938,True,True,0.8,0.9,0.5829871859677705,0.9721635616389129
285,38865,0.6079750733783513,8.796586141831494,10.871101690941874,2.07451554911038,43066,84,False,0.3607444763183594,True,True,0.8,0.8,0.852643265570454,0.9419078777863219
286,53792,0.08561876446771173,0.21697941149219346,0.4505018120771638,0.2335224005849703,53792,53792,True,1.684854507446289,True,True,0.8,0.9,0.754575739175306,0.9535479584654146
287,1116,0.11345773274146033,0.7664057564447511,1.1540743245091996,0.3876685680644485,1116,1116,True,1.5782127380371094,True,True,1.0,0.8,0.5253047356393503,0.9776527171904122
288,264,0.06904624503841994,1.152567859533832,1.5573098698696022,0.4047420103357702,279,279,True,0.30568885803222656,True,True,0.8,0.7,0.5284424650177647,0.9817142589877361
289,10452,0.07855757234105319,1.982205507180037,2.283457508936422,0.3012520017563851,43788,43788,True,0.5328960418701172,True,True,0.8,0.9,0.5213568648174096,0.9822543352750375
290,18463,0.07211993559548625,4.982234442811613,4.387583868443137,-0.594650574368476,43788,43788,True,2.775209426879883,True,True,0.8,0.7,0.5838700414495834,0.9785923604862042
291,14171,0.16850434983404422,2.8589513363596026,2.767561898273744,-0.09138943808585864,9173,9173,True,1.0623369216918945,True,True,0.4,0.8,0.6098816128891984,0.9765848417633802
292,35175,0.03664242603312351,0.013820093456693883,0.06870571115335977,0.05488561769666589,35175,35175,True,5.833752632141113,True,True,0.6,0.9,0.7650211891760487,0.9580970458736766
293,321,0.07526700682614391,2.0030247185126235,1.9586065769482168,-0.04441814156440671,1116,852,False,0.37225914001464844,True,True,0.6,0.9,0.5883955877233492,0.9747446580497833
294,6079,0.16513566008160235,4.590841950132109,4.804464941549888,0.21362299141777896,279,279,True,0.07932376861572266,True,True,0.8,0.7,0.5537635534945364,0.9800062020390196
295,44198,0.20850018105077653,2.1113312072608075,2.489202550068267,0.3778713428074596,61969,61969,True,0.5598697662353516,True,True,0.8,0.8,0.6728962537392944,0.9723871481030386
296,375,0.0007188088064172622,0.0013987362359273448,0.0006541744060015731,-0.0007445618299257717,375,375,True,7.139495849609375,True,True,0.8,0.9,0.6812465454925211,0.96494750298146
297,1116,0.06972218494379996,0.7205851908544005,0.9160191392601646,0.1954339484057641,1116,1116,True,1.0664863586425781,True,True,1.0,1.0,0.5447435040222909,0.9766729722530424
298,71269,0.07100266808563768,6.374893622781329,6.111802324966224,-0.2630912978151052,557,557,True,0.49422264099121094,True,True,1.0,0.9,0.48903363932434224,0.9819760390041331
299,421,0.0186043316219707,0.2345374110371523,0.25356604399000915,0.01902863295285684,421,421,True,2.496501922607422,True,True,0.8,0.9,0.5512054845816621,0.9759126978319577
300,11712,0.12478050698465289,10.747214197396112,12.160935140988329,1.4137209435922173,279,279,True,0.6478195190429688,True,True,0.8,0.8,0.5811964062089522,0.9760254847649392
301,1000,0.07894784728855883,1.7359471160973818,2.178122040738014,0.4421749246406321,1881,1881,True,0.43462181091308594,True,True,1.0,0.9,0.54888627074723,0.9776361003326014
302,38198,0.10537274425441179,5.058176754591763,4.7970687634304205,-0.2611079911613423,381,381,True,0.9812412261962891,True,True,0.6,0.8,0.5269146677446187,0.9813702628763363
303,29783,0.07515726191025365,3.1961275217281226,2.929526046111892,-0.2666014756162305,2895,2895,True,0.4863319396972656,True,True,0.8,0.9,0.5102874580691817,0.9816154781993003
304,1881,0.05427798219019014,0.6411641778973944,0.6129558935122787,-0.02820828438511569,1881,1881,True,1.6889305114746094,True,True,0.8,0.8,0.5249158560405971,0.9767354607092446
305,6124,0.061000362645016896,2.088069561100955,2.556894369520869,0.4688248084199138,279,279,True,1.530282974243164,True,True,1.0,0.8,0.6855392186580662,0.9654539668543847
306,321,0.0042613731918962,0.024550399278886914,0.023118120498338612,-0.0014322787805483017,321,321,True,5.038768768310547,True,True,0.8,0.9,0.6207948279311978,0.9708292478139329
307,506,0.09453601941006852,10.847486899643851,11.327750574076564,0.4802636744327131,279,279,True,0.468048095703125,True,True,0.8,0.8,0.6522670768712445,0.9697519041492656
308,3140,0.0788104631326206,0.45789630442453344,0.33757881720534044,-0.120317487219193,3140,3140,True,1.7926158905029297,True,True,0.8,0.8,0.6225694666366297,0.968799494214477
309,799,0.02423647037298563,0.959589323350734,0.8921095112569546,-0.0674798120937794,1330,799,False,0.17105484008789062,True,True,1.0,0.9,0.6287205339173403,0.9701454631079393
310,314,0.05123310728753433,0.1923216222352373,0.18757064516378108,-0.004750977071456219,314,314,True,3.365764617919922,True,True,0.6,0.8,0.6533126232855716,0.9723195705374545
311,1141,0.15567894813415345,3.273663087383433,3.460600057857924,0.1869369704744912,279,279,True,0.4900627136230469,True,True,1.0,0.9,0.6279359150958779,0.9691608679569088
312,1330,0.10246027581030477,2.6108248783502432,2.9906552337379324,0.37983035538768917,33683,33683,True,1.281961441040039,True,True,0.8,0.9,0.6208310082429722,0.9740397953733319
313,1822,0.08391902111283356,1.8775950643013886,2.270309208636455,0.39271414433506635,33683,33683,True,0.4467315673828125,True,True,0.8,0.8,0.6153616330422146,0.9740672773038895
314,33683,0.05252177408485059,0.33071414400752985,0.37294717547198175,0.0422330314644519,33683,33683,True,2.3608627319335938,True,True,1.0,0.8,0.671660781378375,0.9705758772216558
315,641,0.24732548534760787,1.6482222590093656,1.8488273370447281,0.20060507803536254,13,303,False,0.1387310028076172,True,True,0.8,0.9,0.5868392620870302,0.9699921200897392
316,1946,0.09027232273004418,4.575904910114193,4.952372829456838,0.37646791934264456,695,695,True,0.4783000946044922,True,True,1.0,0.8,0.5592799556611434,0.9732490036537564
317,421,0.15103358474165143,4.517057516543286,4.0668545878802895,-0.45020292866299627,411,411,True,0.08461189270019531,True,True,0.6,0.7,0.5407332627218451,0.9800982595434331
318,809,0.07449068398908364,0.26219177061715726,0.39553497314910047,0.1333432025319432,809,809,True,1.9995346069335938,True,True,0.8,0.7,0.6060949021581283,0.9742353557454637
319,1116,0.06393671351326269,0.1756354179708275,0.3156480393049925,0.14001262133416503,1116,1116,True,2.1110877990722656,True,True,0.8,0.9,0.5769803125103486,0.9705641257547173
320,551,0.1008462595425819,0.6839384296211506,1.0714052216305383,0.3874667920093877,551,551,True,1.0495491027832031,True,True,0.8,0.8,0.6058383857347098,0.9734694611384501
321,2512,0.18128840157261772,5.34447041561646,4.8010093165663115,-0.5434610990501483,10660,10660,True,1.6957035064697266,True,True,0.8,0.7,0.5096069022345739,0.9802651380416787
322,364,0.028320995365597568,0.23841729569486603,0.29943128854126755,0.06101399284640152,364,364,True,2.253307342529297,True,True,0.8,0.7,0.5598585287935919,0.9762561816641578
323,279,0.06310114762066231,1.4977429258528758,1.0907873127366585,-0.4069556131162173,264,264,True,0.8005294799804688,True,True,1.0,1.0,0.5720292368677611,0.9776480530017915
324,10452,0.22907027514418976,3.3545527952059686,3.4240402157004937,0.06948742049452505,9400,353,False,0.13884544372558594,True,True,0.8,0.8,0.5939050327875696,0.9752654541540301
325,18463,0.12552045180227364,1.254995941720992,1.2699653652139453,0.014969423492953382,18463,43285,False,0.4327049255371094,True,True,0.8,0.8,0.6279961183422602,0.9734617849458305
326,310,0.01669076929661887,0.047899384722231986,0.08940789266589277,0.04150850794366079,310,310,True,4.013053894042969,True,True,0.8,0.7,0.6418509332489625,0.9683905499291867
327,10000,0.10636227227060148,4.956256684515623,4.544813413289923,-0.4114432712256999,1870,1870,True,0.3912849426269531,True,True,0.6,0.9,0.4801097186257686,0.9852406110210055
328,264,0.06897299484936402,0.5116407820950961,0.7299049207271189,0.21826413863202276,264,264,True,1.5690460205078125,True,True,1.0,0.7,0.6657387629562839,0.9698100889130152
329,24303,0.10089587794203352,0.6332266826014816,0.8099205420565063,0.1766938594550247,24303,24303,True,2.4996891021728516,True,True,0.8,0.5,0.6782527070611823,0.9695547709614135
330,440,0.02218038969552626,5.933979078300567,4.4942392270861475,-1.4397398512144193,314,314,True,3.7620067596435547,True,True,0.8,0.8,0.6917584831401167,0.9653756351870076
331,506,0.09791666125600777,3.064266784780724,2.7842767331845906,-0.2799900515961333,264,264,True,1.0330352783203125,True,True,0.8,0.9,0.5994719101853135,0.975644379098116
332,3140,0.0004937518499372728,0.002366991989351419,0.001998365316943307,-0.0003686266724081122,3140,3140,True,6.761924743652344,True,True,1.0,0.9,0.6193006339000273,0.9672737072957878
333,220,0.008542503944826994,2.1768509113036387,2.195621264470681,0.01877035316704223,799,799,True,0.036113739013671875,True,True,0.8,1.0,0.558089199754247,0.9755513525231797
334,22,0.033432614324950136,3.6246512504274264,3.7167101073304423,0.09205885690301585,16,16,True,0.5631237030029297,True,True,1.0,1.0,0.5446904324145395,0.9645259659912608
335,15,0.11559305109841096,0.8644585189004133,0.5807484954185789,-0.2837100234818344,15,15,True,1.2194910049438477,True,True,0.8,0.8,0.6358137906703046,0.9727520376141063
336,984,0.36191159486932667,1.287865251803911,2.8576307411523025,1.5697654893483914,984,15,False,0.06225109100341797,True,True,0.8,0.7,0.6492412866797667,0.9723442004793769
337,430,0.035033864384190004,6.58512125051185,6.1057531155893905,-0.4793681349224599,314,314,True,2.9880237579345703,True,True,0.8,0.9,0.7017956691452303,0.965929395805339
338,1599,0.027980739348126393,0.11168833040002113,0.09943027827646489,-0.01225805212355624,1599,1599,True,3.3409423828125,True,True,1.0,0.9,0.6161753563085358,0.9719706433550618
339,6511,0.1030814189756721,1.7498721841314264,2.2560077444388753,0.5061355603074489,23779,23779,True,0.41120243072509766,True,True,0.8,0.8,0.6364298366307947,0.9736882314202477
340,17199,0.00356368557439209,0.011189133245345317,0.020542203382284185,0.009353070136938868,17199,17199,True,5.186223983764648,True,True,0.8,0.8,0.6904003017836641,0.969702304202526
341,430,0.008987424243599952,0.08918451857498155,0.06940581708417426,-0.019778701490807293,430,430,True,4.166545867919922,True,True,0.8,0.9,0.6468104827755867,0.9654679156731442
342,279,0.19967060459246616,1.026974440645951,0.5990806148235066,-0.4278938258224443,279,279,True,0.9236640930175781,True,True,0.6,0.9,0.6375672004632642,0.9701856409170677
343,2201,0.14386280286542072,1.4189168112473638,1.3952447106924772,-0.023672100554886555,3516,3516,True,0.1567535400390625,True,True,1.0,0.7,0.6524745723458422,0.9700096083652346
344,18463,0.05726749788909534,0.3742249321601001,0.528102867898049,0.15387793573794895,18463,18463,True,2.212923049926758,True,True,0.8,0.8,0.6328277379742487,0.9725667121210426
345,641,0.08438690135283927,0.8537819572659942,0.7378273446465897,-0.11595461261940443,641,641,True,1.0714702606201172,True,True,0.6,0.9,0.6268716655704195,0.9689250429146634
346,1061,0.0788400514656826,1.8134560345654869,2.2646706591170016,0.45121462455151473,695,695,True,0.1566486358642578,True,True,0.8,0.9,0.5804061471473061,0.9726155117957364
347,11013,0.24271312100848394,6.737493769328125,6.951892286477623,0.21439851714949754,557,557,True,1.383504867553711,True,True,0.4,0.7,0.5750829860167149,0.9780027133113116
348,1116,0.07248401431721302,4.319588217511093,4.302265558016071,-0.017322659495022208,557,557,True,1.0090789794921875,True,True,1.0,0.9,0.5642624411738115,0.9754577042126787
349,12795,0.23111774976998145,12.955382399732137,12.310825494994049,-0.6445569047380886,4611,4611,True,0.060138702392578125,True,True,0.6,0.8,0.5673982712906643,0.974051714590176
350,53792,0.0022996319901064243,0.001148097192579911,0.004833510892026993,0.003685413699447082,53792,53792,True,8.668548583984375,True,True,0.8,0.7,0.6927414080297325,0.9553085128589982
351,44198,0.12691218678555274,6.006068725346989,5.568706995341355,-0.43736173000563383,345,345,True,1.8088493347167969,True,True,0.4,0.7,0.5970482018435314,0.9720857898580342
352,1452,0.017360321412350763,0.12538649400437762,0.08388789523030482,-0.041498598774072804,1452,1452,True,2.576875686645508,True,True,0.8,0.8,0.6028060870340262,0.9653788864475432
353,1116,0.14405463298094814,0.160840497447019,0.3878668331616346,0.2270263357146156,1116,1116,True,2.488759994506836,True,True,0.8,0.9,0.6400532039850558,0.9655394944265326
354,1000,0.04817038167787015,0.46802175480503294,0.5600190587844587,0.09199730397942574,1000,1000,True,1.1351432800292969,True,True,1.0,0.8,0.5782667322561444,0.9726576556704386
355,7056,0.07242445994202559,2.8800170913059446,2.7790111041366323,-0.1010059871693123,381,381,True,0.46320533752441406,True,True,0.6,0.9,0.5199344921014015,0.9808338805681682
356,279,0.05346951585811383,1.0464543032375566,0.7282567019112847,-0.31819760132627195,6124,279,False,0.24788856506347656,True,True,1.0,0.9,0.6034803251269393,0.9716111536308892
357,28936,0.2629196548645564,3.832970336596503,3.5356020512931323,-0.2973682853033708,10452,10452,True,2.260997772216797,True,True,0.6,0.8,0.6475488693839279,0.969078703685203
358,10452,0.03215056791339734,0.4024777070407737,0.49975223620607423,0.09727452916530055,10452,10452,True,1.4125347137451172,True,True,0.8,0.9,0.6726237253599183,0.9689998689390685
359,18463,0.010093343090074413,0.07405812132073564,0.07140152118286025,-0.0026566001378753867,18463,18463,True,3.770467758178711,True,True,0.8,0.8,0.7180798267217533,0.9619436265982343
360,310,0.00609174500644749,0.060826912056228366,0.06200468323584474,0.0011777711796163715,310,310,True,3.2946510314941406,True,True,0.6,0.9,0.6068584187056982,0.9695622951704546
361,17480,0.11845735010125322,2.123287146037253,2.6087560920526585,0.4854689460154056,17480,17480,True,1.0905742645263672,True,True,0.4,0.7,0.5326706831276111,0.9814297599859421
362,279,0.027641839919573693,0.16961764339838226,0.13105310495812006,-0.0385645384402622,279,279,True,3.2114295959472656,True,True,0.8,0.6,0.6682496276739429,0.9667513683446746
363,2201,0.06554558266912733,1.3950007927249501,1.1687169848682046,-0.2262838078567455,3516,3516,True,0.8505783081054688,True,True,0.8,0.8,0.6831134353820808,0.966817539506195
364,18463,0.0565305792048881,0.0783261507200308,0.19823411670016355,0.11990796598013276,18463,18463,True,4.011370658874512,True,True,0.8,0.8,0.6492453328955329,0.9701181296289026
365,303,0.06695819765293819,0.45509345564498815,0.538441102925507,0.0833476472805188,303,303,True,2.707101821899414,True,True,0.8,0.8,0.6593435961413915,0.9675396282550778
366,799,0.045430694880774475,6.338541530000651,5.683418779843439,-0.6551227501572114,264,264,True,0.05896568298339844,True,True,0.8,0.7,0.6265665196365525,0.9719540068944271
367,3478,0.3660471845968325,4.62338734253245,5.577675773999253,0.9542884314668036,12460,314,False,0.25493717193603516,False,True,0.6,0.7,0.6732639355251162,0.969642027351335
368,7796,0.14621112839342457,1.0248586784246996,0.6153376068390628,-0.4095210715856368,7796,7796,True,0.9720516204833984,True,True,1.0,0.9,0.6085279069145916,0.9765087572220721
369,303,0.07449068254928104,2.628129284980652,2.598699612016521,-0.029429672964131015,641,641,True,1.2220306396484375,True,True,0.8,0.9,0.7170332331882173,0.9591297305207938
370,10452,0.6021251312954236,0.7483574753975226,2.31737335445305,1.5690158790555273,10452,279,False,1.0483360290527344,True,True,0.6,0.9,0.6970834963004431,0.9658308824011436
371,19895,0.10277747541125361,2.610650053423875,1.5061115239168288,-1.104538529507046,49653,49653,True,2.185314178466797,True,True,1.0,0.9,0.6295834601874571,0.9712407552880165
372,303,0.050732386205880095,4.42070608707855,3.746686448501336,-0.6740196385772137,641,641,True,1.3656845092773438,True,True,1.0,0.9,0.6208698239351566,0.9646054636842899
373,866,0.07359570276313429,4.53962207778666,4.721491486637142,0.1818694088504813,279,279,True,0.74176025390625,True,True,1.0,0.8,0.6787743565579564,0.9671293262746541
374,40357,0.1582026044309634,8.514646028595006,7.751354152493644,-0.7632918761013627,2574,2574,True,1.3668079376220703,True,True,0.6,0.9,0.6812449958660042,0.9691512371305393
375,11712,0.23841021961746298,2.8499824538000453,1.8812066103072276,-0.9687758434928178,12460,12460,True,0.6451187133789062,True,True,0.8,0.8,0.7106544038073305,0.9652674704629087
376,641,0.11062596734128607,1.1862342564955597,1.2817065007582613,0.09547224426270162,641,641,True,0.29402923583984375,True,True,0.8,0.8,0.6161440590626948,0.9699132757587899
377,60694,0.061855353501532984,8.281978213223784,8.739315729370787,0.45733751614700324,695,695,True,0.429351806640625,True,True,0.8,0.9,0.5713643312939966,0.9709407290851536
378,1116,0.08801403611374964,0.10465807338417576,0.3051532235835772,0.20049515019940145,1116,1116,True,2.426116943359375,True,True,0.8,1.0,0.6090917302697232,0.9667758652726574
379,279,0.07534680569718483,0.8149489962162875,0.7964263073398179,-0.018522688876469573,279,279,True,1.4696521759033203,True,True,0.8,0.8,0.6651077669213152,0.9688255788287252
380,220,0.11909964395380866,3.9913805017107507,4.352910809385925,0.36153030767517436,10452,353,False,0.42043113708496094,True,True,1.0,0.8,0.6833028812133429,0.9665754565237102
381,16,0.08333828516126768,0.8309258677755622,0.5260744679300089,-0.3048513998455533,16,16,True,0.5275135040283203,True,True,1.0,1.0,0.6126207858717343,0.958898104754101
382,24,0.025340473356360107,0.1852762762574791,0.13130373368234416,-0.05397254257513495,24,24,True,2.551290512084961,True,True,0.8,0.9,0.5757611054294958,0.9695472859770826
383,15,0.052787732922061494,0.637745572661192,0.44692547877295397,-0.19082009388823806,15,15,True,0.7924423217773438,True,True,1.0,0.9,0.6262643266439729,0.9590380852533061
384,22,0.06347019707936875,3.1534300522365193,2.8964811011713856,-0.2569489510651337,20,20,True,2.0442428588867188,True,True,0.8,1.0,0.47830413572285035,0.9721026939980287
385,28936,0.32653875882246775,3.9084020145375487,4.841392584743371,0.9329905702058223,353,554,False,0.15201759338378906,True,True,0.6,0.6,0.653628107352812,0.9725438836751334
386,37619,0.1872850642765999,7.6574601791938335,7.860419043141718,0.20295886394788454,10452,18463,False,0.7088994979858398,True,True,0.8,0.7,0.707329730302861,0.9673802915674969
387,10653,0.17993455143243495,4.314094881524696,4.883393351787788,0.5692984702630923,9392,9392,True,0.2899436950683594,True,True,0.8,0.9,0.6103332418725466,0.9756459852376704
388,2512,0.23260404507625126,3.3523572353771094,3.877344306873791,0.5249870714966818,557,557,True,0.11248397827148438,True,True,1.0,1.0,0.5246401627838396,0.9805239769555217
389,364,0.011890057494738048,0.02938553858246351,0.05541795232535307,0.02603241374288956,364,364,True,5.379127502441406,True,True,1.0,0.8,0.594067311626811,0.9727887706466656
390,279,0.03606561832146214,0.6312286432656045,0.5428610013039616,-0.08836764196164282,279,279,True,0.8313770294189453,True,True,0.8,0.8,0.605834236736593,0.975888656396094
391,7832,0.29311978050100396,1.5227600808597757,2.5165500578800426,0.993789977020267,7832,353,False,0.2337799072265625,True,True,0.8,0.7,0.6374054412719484,0.972040873969776
392,314,0.0008754089228192475,0.010799701298029873,0.013364219311153391,0.002564518013123518,314,314,True,4.846414566040039,True,True,0.6,0.9,0.567145145716834,0.9735035242149139
393,264,0.03918394969928104,1.071772589674378,1.2964278904553161,0.2246553007809382,264,264,True,0.8149871826171875,True,True,0.8,1.0,0.5869723441047532,0.9762525792399034
394,7796,0.08589200776251697,5.08257224644348,5.254342865675689,0.17177061923220904,24303,24303,True,0.31282997131347656,True,True,1.0,0.9,0.592139392916215,0.9767825155422136
395,24303,0.5191637071121489,1.1170828074551515,0.4969563120012701,-0.6201264954538814,24303,24303,True,0.6093940734863281,True,True,0.8,0.8,0.760830825742884,0.9631428697067607
396,314,0.06227027515118228,0.6751580909407693,0.5580284043689296,-0.11712968657183964,314,314,True,1.3368034362792969,True,True,0.8,0.7,0.5863704469736003,0.9746801768447988
397,7810,0.07067338179104465,3.907791905819252,4.27288928303571,0.36509737721645763,220,220,True,1.3613567352294922,True,True,0.8,0.6,0.5654348568846382,0.9773315087867227
398,6278,0.12505581670230378,8.293506155617173,8.432830370534063,0.13932421491688984,17199,23779,False,0.4098958969116211,True,True,0.8,0.9,0.6392432124792409,0.973707741103078
399,23779,0.23629949341786266,2.060183183392379,1.4581872127701523,-0.6019959706222267,1452,23779,False,0.9008426666259766,True,True,0.8,0.8,0.6495335978375097,0.9716826723142789
400,32119,0.02921634424347785,0.029825046458206828,0.06667106013984281,0.03684601368163598,32119,32119,True,4.104194641113281,True,True,0.8,0.8,0.7801279824339619,0.9558796234607122
401,1116,0.08793635424639497,1.8954410280078875,1.9994644546391633,0.10402342663127584,641,1116,False,0.05550193786621094,True,True,0.8,1.0,0.6538335360318364,0.9675017791332924
402,220,0.11553379844465345,3.839678265381675,3.155823735423798,-0.6838545299578769,2583,2583,True,0.6840095520019531,True,True,0.8,0.9,0.6323570892202323,0.9705968440719291
403,17,0.11173399617931884,2.0477893356016956,2.6203306462142635,0.5725413106125679,16,16,True,0.8744497299194336,True,True,1.0,1.0,0.659270564286502,0.9520656159033172
404,15,0.09388794709621257,1.1260873457040894,0.8665859147835846,-0.2595014309205048,15,15,True,0.6872577667236328,True,True,0.8,1.0,0.5820246011466176,0.9737784375828714
405,554,0.1557517374541163,5.191148465183375,4.909508963098951,-0.281639502084424,15,15,True,0.6932306289672852,True,True,1.0,0.8,0.6819558172375264,0.9683738200394372
406,30095,0.009884807627626217,13.389867734626769,13.370741808686994,-0.019125925939775357,12,12,True,5.147669792175293,True,True,0.8,0.9,0.7133377503952234,0.9551982244334671
407,220,0.19553299416691478,2.3365368183794963,2.0882309530807035,-0.24830586529879284,220,220,True,0.031137466430664062,True,True,1.0,0.7,0.6478541058648924,0.9644609727719418
408,15,0.09351781511885263,2.808441508418241,2.40660464278335,-0.4018368656348912,16,16,True,0.1659708023071289,True,True,1.0,0.9,0.6304652993516371,0.9618508222381779
409,15,0.15417280968050745,0.8483350344579854,0.6018577075724743,-0.24647732688551116,15,15,True,1.8188371658325195,True,True,0.8,0.8,0.6900153451698792,0.9487998078523165
410,15,0.16605167487890177,0.3647482815939824,0.19354171924000596,-0.17120656235397647,15,15,True,2.806720733642578,True,True,0.6,0.6,0.7689452670655582,0.9534312664831094
411,1248,0.13648543205441954,6.5153075416460595,5.6181972543475105,-0.897110287298549,8501,8501,True,0.4810457229614258,True,True,1.0,0.9,0.6642722599222524,0.9693482100950686
412,19008,0.1564063597934248,3.1514691265278607,2.4779446298348553,-0.6735244966930054,1116,641,False,0.014862060546875,True,True,1.0,0.8,0.7033200172690993,0.9652920390407236
413,318,0.24816833594468415,2.2699934043996706,2.7229352043096746,0.45294179991000405,314,314,True,1.012094497680664,True,True,0.8,0.9,0.8639207627910681,0.9492080787672741
414,220,0.3812370541040767,1.0391435987095257,0.5991811909009463,-0.4399624078085793,220,220,True,2.1435585021972656,True,True,0.4,0.5,0.7475327134359626,0.956835503024511
415,17,0.16365316013732167,1.3439990730533466,1.6703468989839259,0.3263478259305792,17,16,False,0.016595840454101562,True,True,0.8,1.0,0.6352184788076065,0.950245490409148
416,15,0.03368756875375674,0.5422460163855689,0.592002214914384,0.04975619852881508,15,15,True,2.1256103515625,True,True,0.8,0.8,0.6418551908421799,0.9577271886271195
417,554,0.09155615805929099,1.4822560200943968,1.688934032704637,0.2066780126102401,15,11,False,0.38930416107177734,True,True,1.0,0.8,0.7197855474159667,0.9532478459849305
418,30095,0.03929954502920665,0.2529966549503442,0.2997785255466141,0.046781870596269925,30095,30095,True,2.50992488861084,True,True,0.8,0.9,0.6281871850495897,0.9454708156762444
419,220,0.03598625844254856,0.1167222699062549,0.14648692656373896,0.029764656657484068,220,220,True,3.373721122741699,True,True,0.6,0.8,0.6603771284983277,0.9604993227247279
420,18,0.02440203418716148,5.208449069149811,4.627920507676617,-0.5805285614731943,15,15,True,3.6985111236572266,True,True,0.8,0.9,0.6671394124301017,0.9471883467043326
421,17,0.02405323560767938,2.804203146917537,3.003983408006711,0.1997802610891739,15,15,True,1.727712631225586,True,True,1.0,0.9,0.5730669479805702,0.9673339704827568
422,16,0.04354928553036256,3.6195633017603193,4.038201097702341,0.418637795942022,15,15,True,1.6543827056884766,True,True,0.8,0.9,0.6220235061531721,0.9656276886728729
423,259,0.20102323718605433,4.775204127911856,4.325321089100822,-0.4498830388110342,13,11,False,0.3062257766723633,True,True,0.6,0.8,0.6462840368200558,0.9654545457083701
424,847,0.06460816936680008,0.4336754874055657,0.46793731050384224,0.03426182309827652,847,847,True,2.4232120513916016,True,True,0.8,0.8,0.6335986367763888,0.9660797044331788
425,1754,0.14781697734492,2.831096714411725,4.338028033828955,1.5069313194172302,314,314,True,0.42955970764160156,True,True,0.8,0.7,0.6848091633326929,0.9665962749264727
426,1116,0.07393111497966975,0.7336650553990012,1.0534206066778253,0.31975555127882416,1116,1116,True,0.5436954498291016,True,True,0.8,0.9,0.5861371919394899,0.9704775916310379
427,321,0.10937012517765382,2.069133889516884,2.426283067182734,0.35714917766584975,440,440,True,0.13018417358398438,True,True,0.8,0.9,0.584781269246064,0.9753318725739857
428,7810,0.068968855822352,4.678692513203295,4.920456753136808,0.24176423993351293,220,220,True,0.2856330871582031,True,True,0.8,0.8,0.5359369890308998,0.9798968382389361
429,6278,0.18950909979428973,2.657160751140477,3.3192117652313833,0.6620510140909062,220,220,True,0.027212142944335938,True,True,0.8,0.6,0.6319060682113831,0.973369126816649
430,6560,0.24859762410045366,7.0593401129684565,6.385444941279911,-0.673895171688546,23779,3980,False,0.04151439666748047,True,True,0.8,0.8,0.6980882099849554,0.9672228245315759
431,19772,0.19490061720928428,0.5078978376742498,0.8090872527939723,0.3011894151197225,19772,19772,True,1.0609378814697266,True,True,1.0,0.9,0.7155221181239538,0.9652782236399889
432,57099,0.07669731212879684,0.26306298631421754,0.3965259316915528,0.13346294537733527,57099,57099,True,2.980205535888672,True,True,0.8,0.8,0.7499396698806859,0.9626419193605168
433,382,0.00306172973673689,0.008975005781273637,0.006092367808019361,-0.002882637973254276,382,382,True,6.509834289550781,True,True,0.6,0.8,0.7566652849472615,0.9594718863759022
434,1116,0.10830478862487176,1.1311025761769642,1.4767178921475903,0.3456153159706261,1116,1116,True,0.20559310913085938,True,True,1.0,0.9,0.5470419312289312,0.973078427425992
435,220,0.029062427795459284,0.3170015037173215,0.33420582687631395,0.01720432315899245,220,220,True,2.2570228576660156,True,True,0.8,0.8,0.5538679692458708,0.973223081039488
436,16,0.0360036160178014,1.3571746370364437,1.099195472353479,-0.2579791646829648,17,16,False,0.17693519592285156,True,True,1.0,1.0,0.5189432926278864,0.9574684937847793
437,23,0.04480514487709962,2.752430327915256,3.213820342660881,0.4613900147456249,15,15,True,0.9389305114746094,True,True,0.8,0.9,0.5281602613149149,0.9676131887023984
438,554,0.04216823992746941,0.3559906049310797,0.3127830742561102,-0.04320753067496952,554,554,True,1.3055038452148438,True,True,1.0,0.8,0.578335570564321,0.963279063567037
439,30095,0.014479340283006065,0.08655052046441725,0.11896624892534291,0.032415728460925664,30095,30095,True,3.8691577911376953,True,True,0.8,0.9,0.6431835455881812,0.9469192025158487
440,220,0.013010721170573138,0.0273805789847259,0.012176815481126368,-0.015203763503599532,220,220,True,5.1209211349487305,True,True,0.8,0.8,0.6060374290491499,0.9635138435543097
441,15,0.023981385117512195,0.6806549462393328,0.5434981292301231,-0.13715681700920968,15,15,True,1.2009429931640625,True,True,0.8,1.0,0.6218296615666361,0.9452412741452267
442,15,0.013804403826383753,0.06561435225257384,0.03336374676200293,-0.032250605490570905,15,15,True,4.306234359741211,True,True,0.8,1.0,0.5429573043584895,0.9628941084502004
443,15,0.0023990153752125386,0.015766755641880792,0.010109792723863364,-0.0056569629180174275,15,15,True,5.981319427490234,True,True,1.0,1.0,0.4979470888790272,0.9707648648421271
444,1248,0.01963043808309243,0.05294616593953805,0.029975923461822873,-0.022970242477715175,1248,1248,True,3.797666549682617,True,True,0.6,0.9,0.6560401086536735,0.9670787863287004
445,19008,0.002064863588952919,0.013962333422810502,0.008788357955396009,-0.005173975467414493,19008,19008,True,4.674694061279297,True,True,1.0,0.8,0.6821033053533515,0.9671559519961918
446,318,0.0875728428571623,0.07805484701128051,0.25694471586414735,0.17888986885286684,318,318,True,2.739206314086914,True,True,0.8,0.8,0.6641899107174054,0.959252243460469
447,220,0.009234055744914637,0.03759238025482148,0.018642736800043025,-0.018949643454778453,220,220,True,3.5160064697265625,True,True,0.8,0.7,0.5509052660962647,0.9675846338141155
448,16,0.020210061689441446,0.11499855904864376,0.060555314246308,-0.054443244802335755,16,16,True,2.2985095977783203,True,True,0.8,1.0,0.5723306801075166,0.9499501185809933
449,23,0.03421590831139506,0.08142510516042023,0.17255966581206295,0.09113456065164272,23,23,True,3.610980987548828,True,True,0.8,1.0,0.46304752563223245,0.9645470593155345
450,554,0.0036346159234842243,0.00856679189573839,0.0064454857113176445,-0.002121306184420746,554,554,True,5.9450836181640625,True,True,0.6,0.8,0.6505308552023619,0.9509985312827441
451,30095,0.002564067477933295,0.006235676449865224,0.010544023163756577,0.004308346713891353,30095,30095,True,6.980764389038086,True,True,0.8,0.6,0.7303331085485809,0.9421543546079264
452,220,0.001165118014821291,0.0029431044389980343,0.0019009351378898032,-0.0010421693011082311,220,220,True,7.865290641784668,True,True,0.8,0.6,0.6142740726054062,0.9564771433148483
453,17,0.016809562027389296,2.328288616416433,2.4420827288210916,0.11379411240465842,18,18,True,1.7985763549804688,True,True,0.8,1.0,0.6061682879511228,0.9376935674663393
454,23,0.02013389017505907,2.087454693988704,2.4277524220814684,0.3402977280927644,15,24,False,0.0972900390625,True,True,0.8,1.0,0.5103748129322334,0.9617930728446176
455,24,0.02406972219558547,2.484177028618525,2.2227165047182886,-0.26146052390023655,15,15,True,0.2410449981689453,True,True,0.4,1.0,0.5087992075677774,0.9654528706738501
456,259,0.011655088463540035,0.042094198443987096,0.05457757990745549,0.01248338146346839,259,259,True,4.008687973022461,True,True,0.8,0.7,0.6188911021723265,0.9662563689350331
457,847,0.005318272982544769,0.014983209451223445,0.014171719874326527,-0.0008114895768969177,847,847,True,5.07768440246582,True,True,1.0,0.9,0.6565699985819471,0.9564657114821237
458,1754,0.0669777585730052,0.05100959166994912,0.01376146712027193,-0.037248124549677186,1754,1754,True,3.899076461791992,True,True,0.8,0.9,0.7247219889751285,0.9595243048161767
459,641,0.057467661212559855,0.544920922403513,0.7572161016900303,0.2122951792865173,641,641,True,0.4901008605957031,True,True,1.0,1.0,0.5726010309378122,0.9620163734986966
460,1061,0.09193677238504425,1.8234250540564219,2.338428109569641,0.515003055513219,561,695,False,0.09308242797851562,True,True,0.8,0.8,0.6376712466366261,0.9663806280396606
461,557,0.09745653136983473,2.1918936302068524,2.1298567423046286,-0.062036887902223725,11013,11013,True,0.4969196319580078,True,True,0.8,0.9,0.7064355829760642,0.968128198409589
462,279,0.07763696100305661,1.6256408728914131,1.5382974624182921,-0.087343410473121,279,279,True,0.3398323059082031,True,True,0.6,0.8,0.5684054521137343,0.9767321801569793
463,57361,0.15993238931681925,7.590359620459083,8.328052229948785,0.7376926094897023,1118,1118,True,1.030491828918457,True,True,0.4,0.8,0.6156065211907118,0.9730274291450881
464,314,0.011059910840792213,0.04504427696479851,0.0785230802236434,0.03347880325884489,314,314,True,3.353200912475586,True,True,0.8,0.8,0.6000368133290167,0.9730059112130194
465,279,0.028163835445382274,0.11358763907778524,0.07203564337446977,-0.04155199570331547,279,279,True,3.696023941040039,True,True,0.8,0.9,0.6951844552295059,0.9619874242763369
466,34656,0.21578192766922855,9.069383467811303,9.202764945640883,0.13338147782958032,353,353,True,1.3976125717163086,True,True,0.6,0.8,0.7170044590077925,0.9597962041187824
467,554,0.3037657933822636,2.0724724381252067,1.8061752263142523,-0.26629721181095434,554,554,True,0.0952920913696289,True,True,0.6,0.8,0.645590481266292,0.9712991848408602
468,12,0.01606115713753454,0.18767794477778565,0.1676015947969418,-0.020076349980843844,12,12,True,2.417257308959961,True,True,0.8,0.9,0.6319952958692056,0.9488930701967551
469,31,0.005412866326074886,0.008883165638941648,0.017639050907622078,0.00875588526868043,31,31,True,6.407783508300781,True,True,0.6,0.7,0.9149204881315258,0.9257406101361552
470,34656,0.11851823556151106,6.670825785706636,5.4450960990981585,-1.225729686608478,523,523,True,3.118483543395996,True,True,0.8,0.7,0.6989570623058567,0.9672896610458892
471,42019,0.2760713830142547,6.141372917146018,6.847014769606307,0.705641852460289,554,554,True,2.623887062072754,True,True,0.4,0.7,0.6862910179691624,0.9655014422612457
472,6477,0.14982513613847578,9.949675232890595,8.513944151902844,-1.4357310809877504,641,641,True,0.5410308837890625,True,True,1.0,0.8,0.7103693317966828,0.9632185716697715
473,1116,0.08299385740815744,1.7168320719553378,2.146175911039471,0.4293438390841331,641,641,True,0.8034381866455078,True,True,0.8,0.9,0.5813886104784335,0.9724111502884397
474,279,0.06141037548836136,2.359049873504457,2.33647664030552,-0.022573233198937004,864,864,True,1.7539825439453125,True,True,0.8,0.8,0.5568059332490854,0.9769606483526141
475,4257,0.11490018050048124,5.225378022102799,4.900585658081589,-0.32479236402121003,1118,1118,True,1.3087329864501953,True,True,0.8,0.7,0.6324858413813506,0.9716423561214836
476,314,0.006593709229130044,0.04561126515100611,0.063219468769244,0.017608203618237894,314,314,True,3.8693161010742188,True,True,1.0,0.8,0.5754532107404732,0.9748957170387208
477,264,0.061086096837959875,1.6198890179463312,2.1641958149517038,0.5443067970053725,864,864,True,0.6054267883300781,True,True,0.8,1.0,0.6072152150606427,0.9744258447000264
478,83429,0.09291260055560134,8.665573033121664,9.147615376373114,0.48204234325145023,6278,24303,False,0.20148468017578125,True,True,1.0,0.8,0.6148502924878202,0.974985175964849
479,7796,0.17697047452544232,3.7696750130718506,2.834922873377913,-0.9347521396939378,24303,24303,True,0.2753276824951172,True,True,0.8,0.7,0.6412027237973991,0.9732257695548711
480,1500,0.1460744561700375,5.024785543764654,6.194769039204001,1.1699834954393467,24303,24303,True,2.1569480895996094,True,True,0.6,0.8,0.7017875593539921,0.9662802343225417
481,314,0.15996228175924254,1.0653877886284135,0.6127001548724635,-0.45268763375595,314,314,True,1.3703765869140625,True,True,0.8,0.8,0.5866389388433867,0.975061569012476
482,56091,0.08258593893761636,6.296796260896336,6.366687288671617,0.06989102777528089,7810,7810,True,1.5892753601074219,True,True,0.8,0.9,0.6334368747507497,0.9725219230970976
483,6511,0.12313312417533956,1.6422469033608138,2.366724702583614,0.7244777992228002,6511,23779,False,0.44315528869628906,True,True,1.0,0.8,0.6570712352278303,0.9715351597881922
484,17199,0.002870030738609947,0.021149897090332104,0.025766073788318522,0.004616176697986418,17199,17199,True,4.9192047119140625,True,True,1.0,0.8,0.6672620871570054,0.9702781787281629
485,641,0.3176162726152199,2.4221806281239395,2.17930622941401,-0.24287439870992955,321,321,True,1.3366928100585938,True,True,0.8,0.8,0.6396538786166805,0.9675155786048883
486,695,0.08318126177317987,1.3390528238976174,1.244740154939084,-0.09431266895853341,695,695,True,0.17394638061523438,True,True,0.8,0.7,0.6225212846335548,0.966598976800503
487,561,0.22029090726015518,1.2367618865853132,2.1729407914649066,0.9361789048795934,561,283,False,0.11475753784179688,True,True,0.6,0.7,0.7505948675175524,0.9488799971839742
488,6830,0.18444567760451214,9.197648952569281,8.216934622839126,-0.980714329730155,353,353,True,0.1416912078857422,True,True,0.8,0.9,0.7010384884065233,0.9640556813227495
489,314,0.04284099844661179,0.10835431687413077,0.05183448175469252,-0.056519835119438255,314,314,True,3.3980236053466797,True,True,0.8,0.7,0.6367102964976169,0.9729096394161019
490,92747,0.038257804661981365,9.009571369965691,9.13283087857085,0.12325950860515889,279,279,True,2.308511734008789,True,True,1.0,0.9,0.6266686868077853,0.9719464430817061
491,78404,0.1273174742922245,5.157666604687954,5.558588800603314,0.40092219591535994,554,554,True,1.767129898071289,True,True,1.0,0.7,0.6326065198126584,0.9693905750895614
492,77,0.05630459620732518,0.10492238112961516,0.03778355002348022,-0.06713883110613494,77,77,True,2.5347442626953125,True,True,0.6,0.5,0.9827579642485386,0.9305869906595454
493,2370,0.0036789731398567905,0.000446992664400625,0.004690271874714824,0.004243279210314199,2370,2370,True,9.02438735961914,True,True,0.4,0.7,1.0886081223941173,0.9204437929349274
494,303,0.5578942801516122,1.3280778985129267,3.294494980178058,1.9664170816651314,303,557,False,0.3364849090576172,False,True,0.8,0.7,0.9689042062457545,0.9311334349046196
495,220,0.0639761509143067,0.21993909399979827,0.1450320477473035,-0.07490704625249478,220,220,True,2.610462188720703,True,True,0.8,0.6,0.6365837461531727,0.9691977947884987
496,16,0.00032213443138041524,0.0030752298767211528,0.0032234919714575483,0.0001482620947363955,16,16,True,7.162639617919922,True,True,0.8,1.0,0.5703594149981858,0.9584625339321081
497,24,0.003095823681021655,0.007422849779494811,0.009628004064015983,0.0022051542845211713,24,24,True,5.717006683349609,True,True,1.0,1.0,0.6633213649454535,0.9564102046587946
498,15,0.032305812304271236,0.061053137319735384,0.03748783131607425,-0.023565306003661135,15,15,True,3.712068557739258,True,True,1.0,0.9,0.8339546387396617,0.9288768040765111
499,21,0.2651822138970221,0.45938672932268787,0.15636937451205313,-0.30301735481063474,21,21,True,1.4356231689453125,True,True,0.8,1.0,0.5842123027628743,0.9492835539359429
500,539,0.08106192279393785,4.030080870985337,4.216921371406091,0.18684050042075384,557,557,True,0.665496826171875,True,True,1.0,0.8,0.6028839894660297,0.9739183446443689
501,279,0.07749510197742383,0.7661091880087767,0.6837782900708866,-0.08233089793789006,279,279,True,1.5970401763916016,True,True,0.6,0.6,0.700791009924825,0.965259231939597
502,15717,0.0868735892610047,0.8418486887127017,1.035216207434697,0.19336751872199542,15717,15717,True,0.2596912384033203,True,True,0.8,0.8,0.7567889912646327,0.9605278007736374
503,18463,0.09274697588463413,0.10777248722362032,0.2850384954203591,0.17726600819673877,18463,18463,True,4.095932960510254,True,True,0.8,0.7,0.7951497274559837,0.9582447777788875
504,8953,0.2712174360927376,7.940942615745811,8.413914996365342,0.47297238061953095,557,314,False,0.7892017364501953,True,True,0.8,0.8,0.6651123568764374,0.9682988330299702
505,279,0.15248080444723855,0.8423433674619574,0.6719103243425835,-0.1704330431193739,279,279,True,1.3684406280517578,True,True,0.8,0.6,0.6144369425048979,0.9750457163854932
506,42948,0.1596338775941361,3.9573182392245485,5.046307231138744,1.0889889919141957,7607,7607,True,0.9783725738525391,True,True,0.4,0.9,0.6606521918868932,0.9707939069200782
507,1116,0.13873889440911985,3.8697142623060685,4.619977363032756,0.7502631007266878,364,364,True,1.0103225708007812,True,True,0.8,0.9,0.6090871513797489,0.9717056970981991
508,321,0.07983836203280724,0.9557180058012804,0.7428449186229074,-0.21287308717837305,321,321,True,0.29059600830078125,True,True,0.8,0.9,0.6136672264594422,0.9714078547099088
509,16468,0.07011455484565253,12.110779952582707,12.650797948239017,0.54001799565631,279,279,True,1.7495765686035156,True,True,0.8,0.8,0.5780284320790308,0.9763300998749294
510,6124,0.06293201640415137,6.218743275548917,8.094640758967621,1.8758974834187043,279,279,True,2.7779598236083984,True,True,1.0,0.9,0.6377066444725747,0.9703032208462337
511,359,0.15695151394636012,2.0389118286025543,1.1019059910729467,-0.9370058375296075,579,579,True,1.8021926879882812,True,True,0.8,0.9,0.6148910223310261,0.9702122430309705
